param n := 127;
param deposito := 98;
param numero_clusters := 26;
param factor := 1;

set Np[1]:= 98  ;
set Np[2]:= 92 99  ;
set Np[3]:= 63  ;
set Np[4]:= 107  ;
set Np[5]:= 14 26 30 34 35 36 37 38 39 40 41 42 43  ;
set Np[6]:= 101 102  ;
set Np[7]:= 85 86 110  ;
set Np[8]:= 111 112  ;
set Np[9]:= 127  ;
set Np[10]:= 58 59 60 61 62 64 66 90 91 100 113 116  ;
set Np[11]:= 81 84 117 126  ;
set Np[12]:= 97  ;
set Np[13]:= 104  ;
set Np[14]:= 8 17 18 19 21 67 68 71 72 73 74 76 77  ;
set Np[15]:= 46 47 48 49 52 53 55 56 94 118 124  ;
set Np[16]:= 65  ;
set Np[17]:= 93 95 123  ;
set Np[18]:= 25 28 29 32 33 122  ;
set Np[19]:= 89 125  ;
set Np[20]:= 69 70 75  ;
set Np[21]:= 1 2 3 4 5 6 7 9 10 11 12 13 15 16 20 22 23 24 50 51 105 106 108 114 115 120 121  ;
set Np[22]:= 44 45 54 57 103  ;
set Np[23]:= 27 31 78 79 80  ;
set Np[24]:= 82 83  ;
set Np[25]:= 87 88 96 109  ;
set Np[26]:= 119  ;


param c:=
1	2	656.2
1	3	1556.3
1	4	1352.78
1	5	1660.87
1	6	991.1
1	7	418.24
1	8	1874.04
1	9	1396.82
1	10	1233.1
1	11	1276.0
1	12	1044.0
1	13	844.49
1	14	883.43
1	15	836.49
1	16	259.38
1	17	1476.44
1	18	2132.63
1	19	1611.52
1	20	1148.34
1	21	1560.62
1	22	1415.96
1	23	1401.63
1	24	1249.36
1	25	3321.73
1	26	2284.94
1	27	1774.46
1	28	3764.2
1	29	3792.69
1	30	1453.48
1	31	1628.14
1	32	4114.32
1	33	3528.0
1	34	1888.34
1	35	1165.79
1	36	1037.54
1	37	883.43
1	38	2320.0
1	39	2132.63
1	40	1724.46
1	41	1069.47
1	42	2320.0
1	43	1648.67
1	44	2167.06
1	45	2498.72
1	46	4153.38
1	47	3268.65
1	48	3535.62
1	49	3603.48
1	50	1050.42
1	51	1069.47
1	52	2091.22
1	53	3411.66
1	54	2065.32
1	55	3266.59
1	56	1982.21
1	57	1640.49
1	58	2624.78
1	59	3235.55
1	60	2678.07
1	61	2698.09
1	62	2864.99
1	63	9304.62
1	64	2708.05
1	65	5833.54
1	66	3395.85
1	67	2678.07
1	68	3603.48
1	69	5020.27
1	70	4537.36
1	71	4158.24
1	72	1870.44
1	73	2805.67
1	74	2737.7
1	75	4547.73
1	76	3506.96
1	77	2391.4
1	78	3381.95
1	79	2311.28
1	80	2479.8
1	81	4915.99
1	82	6808.52
1	83	6827.27
1	84	4697.64
1	85	7345.65
1	86	7488.97
1	87	7446.62
1	88	7631.35
1	89	6089.72
1	90	2348.82
1	91	2705.56
1	92	6406.31
1	93	4778.58
1	94	4518.05
1	95	4277.87
1	96	6704.96
1	97	5926.23
1	98	12003.62
1	99	7540.0
1	100	2138.93
1	101	11020.61
1	102	10722.94
1	103	2645.21
1	104	7007.21
1	105	591.49
1	106	883.43
1	107	9752.97
1	108	1094.34
1	109	6433.56
1	110	5851.97
1	111	6564.0
1	112	6149.09
1	113	3899.39
1	114	812.0
1	115	1100.47
1	116	2422.15
1	117	4111.05
1	118	3642.47
1	119	8622.32
1	120	820.24
1	121	1556.3
1	122	3640.63
1	123	4721.93
1	124	2345.95
1	125	5096.08
1	126	5911.45
1	127	6612.0
2	1	656.2
2	3	1870.44
2	4	1995.74
2	5	1165.79
2	6	1611.52
2	7	844.49
2	8	2490.63
2	9	1944.51
2	10	1357.75
2	11	1800.8
2	12	1577.77
2	13	778.15
2	14	1281.26
2	15	1485.52
2	16	624.68
2	17	2132.63
2	18	2788.83
2	19	2252.31
2	20	1804.54
2	21	2216.18
2	22	2065.32
2	23	2029.17
2	24	1870.44
2	25	3601.61
2	26	2593.84
2	27	2207.05
2	28	3945.71
2	29	4079.84
2	30	1755.4
2	31	2116.8
2	32	4417.15
2	33	3778.47
2	34	1972.0
2	35	905.99
2	36	1037.54
2	37	883.43
2	38	2498.72
2	39	2231.3
2	40	1560.62
2	41	1296.92
2	42	2320.0
2	43	1712.72
2	44	1628.14
2	45	1913.12
2	46	3506.96
2	47	2650.29
2	48	2881.38
2	49	2964.25
2	50	676.39
2	51	418.24
2	52	1660.87
2	53	2767.03
2	54	1415.96
2	55	2786.42
2	56	1411.2
2	57	984.29
2	58	2705.56
2	59	3612.8
2	60	3036.01
2	61	2982.35
2	62	3185.25
2	63	9953.04
2	64	2767.03
2	65	5559.54
2	66	3044.86
2	67	3274.82
2	68	4247.88
2	69	5674.52
2	70	5179.89
2	71	4772.95
2	72	2509.46
2	73	3443.07
2	74	3387.91
2	75	5199.34
2	76	4153.38
2	77	3044.86
2	78	3994.85
2	79	2909.27
2	80	3044.86
2	81	5514.58
2	82	7377.64
2	83	7373.08
2	84	5300.58
2	85	7923.74
2	86	8070.13
2	87	8037.55
2	88	8228.64
2	89	6072.02
2	90	2690.6
2	91	2934.59
2	92	6406.31
2	93	4292.0
2	94	3862.99
2	95	3964.42
2	96	7341.07
2	97	5908.03
2	98	11976.68
2	99	7475.48
2	100	2188.68
2	101	11489.27
2	102	11237.64
2	103	2100.85
2	104	7315.36
2	105	1194.29
2	106	1512.45
2	107	9131.64
2	108	1740.0
2	109	7056.0
2	110	6422.04
2	111	5908.03
2	112	5502.36
2	113	3787.36
2	114	1357.75
2	115	997.87
2	116	2793.65
2	117	4697.64
2	118	2993.61
2	119	9277.82
2	120	1050.42
2	121	956.56
2	122	3856.02
2	123	4571.34
2	124	1859.62
2	125	5179.89
2	126	6492.89
2	127	6165.48
3	1	1556.3
3	2	1870.44
3	4	1411.2
3	5	1972.0
3	6	1142.47
3	7	1142.47
3	8	1434.84
3	9	812.0
3	10	624.68
3	11	705.6
3	12	2228.29
3	13	1165.79
3	14	2302.53
3	15	1352.78
3	16	1815.69
3	17	1774.46
3	18	2207.05
3	19	1508.0
3	20	1615.69
3	21	1755.4
3	22	1525.74
3	23	1281.26
3	24	1182.97
3	25	4640.0
3	26	3623.96
3	27	2993.61
3	28	5173.39
3	29	5084.19
3	30	2872.03
3	31	2767.03
3	32	5373.69
3	33	4873.38
3	34	3411.66
3	35	2678.07
3	36	2593.84
3	37	2438.76
3	38	3776.69
3	39	3642.47
3	40	3274.82
3	41	2575.62
3	42	3861.25
3	43	3185.25
3	44	3481.93
3	45	3719.24
3	46	4666.03
3	47	3642.47
3	48	4203.3
3	49	4086.43
3	50	1547.63
3	51	2091.22
3	52	2052.25
3	53	3959.32
3	54	3071.26
3	55	3088.74
3	56	2388.59
3	57	2593.84
3	58	1249.36
3	59	1743.86
3	60	1165.79
3	61	1142.47
3	62	1322.6
3	63	9182.34
3	64	1357.75
3	65	4884.41
3	66	2824.78
3	67	1902.54
3	68	3123.4
3	69	4635.65
3	70	3967.81
3	71	3364.0
3	72	1640.49
3	73	2334.45
3	74	2458.0
3	75	4512.09
3	76	3642.47
3	77	2554.64
3	78	3829.76
3	79	2982.35
3	80	3266.59
3	81	5341.04
3	82	7311.68
3	83	7427.62
3	84	5109.27
3	85	6279.02
3	86	6433.56
3	87	6434.6
3	88	6647.52
3	89	4697.64
3	90	820.24
3	91	1160.0
3	92	4989.35
3	93	6152.38
3	94	5291.69
3	95	5800.0
3	96	5992.83
3	97	7447.53
3	98	13515.87
3	99	6187.27
3	100	928.0
3	101	11812.65
3	102	11373.33
3	103	3944.0
3	104	5466.79
3	105	1148.34
3	106	1194.29
3	107	10753.02
3	108	1357.75
3	109	5616.13
3	110	4772.95
3	111	7175.14
3	112	6580.38
3	113	2730.32
3	114	905.99
3	115	1100.47
3	116	928.0
3	117	4645.8
3	118	4217.68
3	119	8190.13
3	120	820.24
3	121	2200.95
3	122	5020.27
3	123	6277.95
3	124	2380.12
3	125	3612.8
3	126	6384.22
3	127	8034.2
4	1	1352.78
4	2	1995.74
4	3	1411.2
4	5	2767.03
4	6	418.24
4	7	1233.1
4	8	580.0
4	9	624.68
4	10	1660.87
4	11	705.6
4	12	1211.08
4	13	1770.66
4	14	1512.45
4	15	518.77
4	16	1508.0
4	17	366.82
4	18	883.43
4	19	259.38
4	20	366.82
4	21	348.0
4	22	116.0
4	23	164.05
4	24	232.0
4	25	3448.93
4	26	2509.46
4	27	1834.12
4	28	4060.0
4	29	3856.02
4	30	1944.51
4	31	1577.77
4	32	4114.32
4	33	3699.29
4	34	2617.08
4	35	2391.4
4	36	2100.85
4	37	2002.47
4	38	2803.27
4	39	2788.83
4	40	2786.42
4	41	1859.62
4	42	3095.27
4	43	2460.73
4	44	3489.65
4	45	3840.28
4	46	5423.54
4	47	4477.66
4	48	4840.13
4	49	4856.79
4	50	2157.72
4	51	2391.4
4	52	3062.49
4	53	4681.86
4	54	3411.66
4	55	4222.46
4	56	3155.54
4	57	2971.05
4	58	2645.21
4	59	2482.51
4	60	2052.25
4	61	2252.31
4	62	2302.53
4	63	8078.47
4	64	2757.29
4	65	6290.79
4	66	4119.23
4	67	1396.82
4	68	2252.31
4	69	3692.01
4	70	3185.25
4	71	2824.78
4	72	518.77
4	73	1453.48
4	74	1396.82
4	75	3323.76
4	76	2348.82
4	77	1211.08
4	78	2438.76
4	79	1577.77
4	80	1874.04
4	81	3971.2
4	82	5934.17
4	83	6032.0
4	84	3740.89
4	85	6052.04
4	86	6190.53
4	87	6134.85
4	88	6311.08
4	89	6018.6
4	90	1834.12
4	91	2388.59
4	92	6287.59
4	93	6028.65
4	94	5851.97
4	95	5341.04
4	96	5352.37
4	97	6489.78
4	98	12487.12
4	99	7522.13
4	100	2331.57
4	101	10402.56
4	102	9976.67
4	103	3964.42
4	104	6230.61
4	105	820.24
4	106	492.15
4	107	11102.72
4	108	259.38
4	109	5088.16
4	110	4577.23
4	111	7876.05
4	112	7411.3
4	113	4140.4
4	114	778.15
4	115	1920.14
4	116	1811.98
4	117	3248.0
4	118	4924.2
4	119	7300.63
4	120	1401.63
4	121	2793.65
4	122	3876.9
4	123	5544.99
4	124	3371.99
4	125	4858.17
4	126	5009.53
4	127	7803.1
5	1	1660.87
5	2	1165.79
5	3	1972.0
5	4	2767.03
5	6	2348.82
5	7	1556.3
5	8	3121.24
5	9	2460.73
5	10	1352.78
5	11	2296.68
5	12	2690.6
5	13	997.87
5	14	2436.0
5	15	2334.45
5	16	1743.86
5	17	3009.3
5	18	3640.63
5	19	2993.61
5	20	2698.09
5	21	3064.68
5	22	2864.99
5	23	2737.7
5	24	2575.62
5	25	4756.0
5	26	3757.04
5	27	3364.0
5	28	5064.3
5	29	5234.16
5	30	2920.81
5	31	3256.28
5	32	5574.04
5	33	4924.2
5	34	3082.2
5	35	1920.14
5	36	2167.06
5	37	2025.85
5	38	3633.23
5	39	3339.91
5	40	2546.72
5	41	2460.73
5	42	3371.99
5	43	2824.78
5	44	2029.17
5	45	2091.22
5	46	2717.97
5	47	1724.46
5	48	2231.3
5	49	2138.93
5	50	624.68
5	51	883.43
5	52	518.77
5	53	1995.74
5	54	1322.6
5	55	1624.0
5	56	418.24
5	57	935.22
5	58	2216.18
5	59	3573.48
5	60	3011.54
5	61	2822.4
5	62	3071.26
5	63	10845.22
5	64	2231.3
5	65	4462.61
5	66	1920.14
5	67	3787.36
5	68	4924.2
5	69	6416.8
5	70	5824.31
5	71	5290.41
5	72	3225.13
5	73	4104.5
5	74	4130.64
5	75	6087.51
5	76	5084.19
5	77	3944.0
5	78	5025.63
5	79	3967.81
5	80	4140.4
5	81	6567.08
5	82	8468.79
5	83	8487.05
5	84	6346.16
5	85	8249.06
5	86	8404.2
5	87	8406.6
5	88	8619.2
5	89	5245.71
5	90	2678.07
5	91	2678.07
5	92	5598.13
5	93	4558.08
5	94	3321.73
5	95	4600.68
5	96	7916.95
5	97	6867.55
5	98	12890.62
5	99	6570.15
5	100	1740.0
5	101	12646.13
5	102	12374.54
5	103	2391.4
5	104	6994.71
5	105	1972.0
5	106	2287.88
5	107	8803.78
5	108	2546.72
5	109	7564.94
5	110	6743.98
5	111	5220.0
5	112	4676.11
5	113	2900.0
5	114	1995.74
5	115	905.99
5	116	2824.78
5	117	5768.59
5	118	2252.31
5	119	10019.07
5	120	1396.82
5	121	418.24
5	122	4989.35
5	123	5413.61
5	124	696.0
5	125	4524.0
5	126	7569.39
5	127	6471.1
6	1	991.1
6	2	1611.52
6	3	1142.47
6	4	418.24
6	5	2348.82
6	7	820.24
6	8	883.43
6	9	518.77
6	10	1281.26
6	11	492.15
6	12	1160.0
6	13	1352.78
6	14	1357.75
6	15	259.38
6	16	1182.97
6	17	705.6
6	18	1296.92
6	19	656.2
6	20	478.28
6	21	733.65
6	22	518.77
6	23	418.24
6	24	259.38
6	25	3535.62
6	26	2544.08
6	27	1888.34
6	28	4104.5
6	29	3967.81
6	30	1870.44
6	31	1648.67
6	32	4247.88
6	33	3776.69
6	34	2498.72
6	35	2100.85
6	36	1859.62
6	37	1740.0
6	38	2767.03
6	39	2698.09
6	40	2562.52
6	41	1688.99
6	42	2973.31
6	43	2311.28
6	44	3155.54
6	45	3489.65
6	46	5009.53
6	47	4060.0
6	48	4432.35
6	49	4441.45
6	50	1740.0
6	51	1995.74
6	52	2650.29
6	53	4268.42
6	54	3024.91
6	55	3815.68
6	56	2737.7
6	57	2575.62
6	58	2391.4
6	59	2490.63
6	60	1995.74
6	61	2132.63
6	62	2228.29
6	63	8496.55
6	64	2498.72
6	65	5971.47
6	66	3740.89
6	67	1688.99
6	68	2645.21
6	69	4101.22
6	70	3573.48
6	71	3168.31
6	72	905.99
6	73	1834.12
6	74	1804.54
6	75	3740.89
6	76	2757.29
6	77	1615.69
6	78	2805.67
6	79	1870.44
6	80	2138.93
6	81	4348.07
6	82	6302.55
6	83	6384.22
6	84	4119.23
6	85	6358.87
6	86	6501.18
6	87	6456.52
6	88	6640.43
6	89	5828.93
6	90	1724.46
6	91	2228.29
6	92	6112.88
6	93	5741.71
6	94	5453.23
6	95	5136.85
6	96	5729.98
6	97	6467.98
6	98	12504.89
6	99	7323.63
6	100	2025.85
6	101	10722.94
6	102	10324.65
6	103	3633.23
6	104	6279.02
6	105	418.24
6	106	116.0
6	107	10738.62
6	108	232.0
6	109	5447.06
6	110	4869.24
6	111	7468.27
6	112	6995.68
6	113	3856.02
6	114	366.82
6	115	1508.0
6	116	1740.0
6	117	3603.48
6	118	4512.09
6	119	7710.29
6	120	991.1
6	121	2380.12
6	122	3937.17
6	123	5430.98
6	124	2957.43
6	125	4710.51
6	126	5381.2
6	127	7548.03
7	1	418.24
7	2	844.49
7	3	1142.47
7	4	1233.1
7	5	1556.3
7	6	820.24
7	8	1672.98
7	9	1100.47
7	10	836.49
7	11	956.56
7	12	1322.6
7	13	591.49
7	14	1254.73
7	15	778.15
7	16	676.39
7	17	1453.48
7	18	2091.22
7	19	1476.44
7	20	1142.47
7	21	1512.45
7	22	1322.6
7	23	1233.1
7	24	1069.47
7	25	3684.71
7	26	2647.75
7	27	2091.22
7	28	4153.38
7	29	4150.14
7	30	1834.12
7	31	1913.12
7	32	4464.12
7	33	3899.39
7	34	2302.53
7	35	1547.63
7	36	1453.48
7	37	1296.92
7	38	2717.97
7	39	2544.08
7	40	2132.63
7	41	1476.44
7	42	2737.7
7	43	2065.32
7	44	2460.73
7	45	2757.29
7	46	4190.47
7	47	3250.07
7	48	3612.8
7	49	3623.96
7	50	935.22
7	51	1194.29
7	52	1913.12
7	53	3448.93
7	54	2231.3
7	55	3095.27
7	56	1930.62
7	57	1770.66
7	58	2216.18
7	59	2843.77
7	60	2279.04
7	61	2284.94
7	62	2458.0
7	63	9298.11
7	64	2302.53
7	65	5514.58
7	66	3134.15
7	67	2438.76
7	68	3460.61
7	69	4921.46
7	70	4385.05
7	71	3944.0
7	72	1724.46
7	73	2645.21
7	74	2624.78
7	75	4537.36
7	76	3528.0
7	77	2388.59
7	78	3489.65
7	79	2460.73
7	80	2670.52
7	81	5036.32
7	82	6961.93
7	83	7007.21
7	84	4812.25
7	85	7079.8
7	86	7226.53
7	87	7195.74
7	88	7388.57
7	89	5688.73
7	90	1944.51
7	91	2287.88
7	92	6001.81
7	93	5109.27
7	94	4640.0
7	95	4670.35
7	96	6531.12
7	97	6341.92
7	98	12418.5
7	99	7146.96
7	100	1740.0
7	101	11261.56
7	102	10926.19
7	103	2936.89
7	104	6602.84
7	105	418.24
7	106	742.76
7	107	9965.2
7	108	997.87
7	109	6230.61
7	110	5577.66
7	111	6648.53
7	112	6178.57
7	113	3528.0
7	114	518.77
7	115	812.0
7	116	2025.85
7	117	4254.21
7	118	3692.01
7	119	8530.54
7	120	418.24
7	121	1560.62
7	122	4021.71
7	123	5138.16
7	124	2200.95
7	125	4681.86
7	126	6052.04
7	127	6963.87
8	1	1874.04
8	2	2490.63
8	3	1434.84
8	4	580.0
8	5	3121.24
8	6	883.43
8	7	1672.98
8	9	676.39
8	10	1870.44
8	11	836.49
8	12	1774.46
8	13	2132.63
8	14	2091.22
8	15	1069.47
8	16	2055.53
8	17	778.15
8	18	844.49
8	19	366.82
8	20	935.22
8	21	676.39
8	22	591.49
8	23	478.28
8	24	624.68
8	25	3897.67
8	26	3009.3
8	27	2334.45
8	28	4537.36
8	29	4277.87
8	30	2504.1
8	31	2075.07
8	32	4512.09
8	33	4153.38
8	34	3185.25
8	35	2957.43
8	36	2678.07
8	37	2575.62
8	38	3339.91
8	39	3347.96
8	40	3366.0
8	41	2438.76
8	42	3662.74
8	43	3036.01
8	44	4035.07
8	45	4372.75
8	46	5824.31
8	47	4845.69
8	48	5272.58
8	49	5249.56
8	50	2544.08
8	51	2864.99
8	52	3345.95
8	53	5088.16
8	54	3899.39
8	55	4462.61
8	56	3528.0
8	57	3443.07
8	58	2554.64
8	59	2052.25
8	60	1712.72
8	61	1982.21
8	62	1972.0
8	63	7785.84
8	64	2670.52
8	65	6264.0
8	66	4255.79
8	67	820.24
8	68	1804.54
8	69	3297.34
8	70	2717.97
8	71	2284.94
8	72	259.38
8	73	984.29
8	74	1037.54
8	75	3082.2
8	76	2216.18
8	77	1182.97
8	78	2479.8
8	79	1834.12
8	80	2157.72
8	81	3945.71
8	82	5917.14
8	83	6059.82
8	84	3713.81
8	85	5486.44
8	86	5626.9
8	87	5577.66
8	88	5759.26
8	89	5773.26
8	90	1577.77
8	91	2167.06
8	92	6019.72
8	93	6598.76
8	94	6311.08
8	95	5920.55
8	96	4858.17
8	97	7003.36
8	98	12965.56
8	99	7281.25
8	100	2345.95
8	101	10489.5
8	102	10000.25
8	103	4512.09
8	104	5729.98
8	105	1296.92
8	106	991.1
8	107	11620.86
8	108	820.24
8	109	4565.45
8	110	4004.94
8	111	8304.34
8	112	7796.2
8	113	4066.62
8	114	1160.0
8	115	2228.29
8	116	1508.0
8	117	3299.38
8	118	5337.26
8	119	6897.86
8	120	1724.46
8	121	3208.4
8	122	4343.42
8	123	6105.17
8	124	3668.24
8	125	4565.45
8	126	4989.35
8	127	8380.95
9	1	1396.82
9	2	1944.51
9	3	812.0
9	4	624.68
9	5	2460.73
9	6	518.77
9	7	1100.47
9	8	676.39
9	10	1194.29
9	11	164.05
9	12	1672.98
9	13	1485.52
9	14	1874.04
9	15	778.15
9	16	1624.0
9	17	991.1
9	18	1396.82
9	19	696.0
9	20	905.99
9	21	956.56
9	22	733.65
9	23	478.28
9	24	418.24
9	25	4020.03
9	26	3044.86
9	27	2380.12
9	28	4605.07
9	29	4441.45
9	30	2388.59
9	31	2132.63
9	32	4710.51
9	33	4265.27
9	34	3016.0
9	35	2552.0
9	36	2345.95
9	37	2216.18
9	38	3283.03
9	39	3216.78
9	40	3051.48
9	41	2200.95
9	42	3489.65
9	43	2824.78
9	44	3548.92
9	45	3856.02
9	46	5173.39
9	47	4184.05
9	48	4640.0
9	49	4596.29
9	50	1902.54
9	51	2284.94
9	52	2670.52
9	53	4441.45
9	54	3321.73
9	55	3787.36
9	56	2872.03
9	57	2853.22
9	58	2025.85
9	59	1972.0
9	60	1485.52
9	61	1648.67
9	62	1724.46
9	63	8461.64
9	64	2138.93
9	65	5694.64
9	66	3601.61
9	67	1352.78
9	68	2466.19
9	69	3967.81
9	70	3364.0
9	71	2864.99
9	72	844.49
9	73	1648.67
9	74	1712.72
9	75	3748.07
9	76	2843.77
9	77	1743.86
9	78	3018.23
9	79	2200.95
9	80	2498.72
9	81	4529.94
9	82	6500.14
9	83	6616.07
9	84	4298.27
9	85	5979.35
9	86	6126.07
9	87	6096.35
9	88	6290.79
9	89	5397.43
9	90	1233.1
9	91	1770.66
9	92	5669.78
9	93	6175.3
9	94	5694.64
9	95	5626.9
9	96	5475.4
9	97	6984.12
9	98	13015.28
9	99	6899.81
9	100	1740.0
9	101	11007.78
9	102	10561.73
9	103	4026.72
9	104	5760.42
9	105	812.0
9	106	624.68
9	107	11059.61
9	108	656.2
9	109	5152.54
9	110	4477.66
9	111	7663.91
9	112	7136.59
9	113	3528.0
9	114	591.49
9	115	1560.62
9	116	1233.1
9	117	3835.02
9	118	4693.34
9	119	7562.27
9	120	1069.47
9	121	2575.62
9	122	4432.35
9	123	5946.63
9	124	2993.61
9	125	4247.88
9	126	5572.83
9	127	8004.84
10	1	1233.1
10	2	1357.75
10	3	624.68
10	4	1660.87
10	5	1352.78
10	6	1281.26
10	7	836.49
10	8	1870.44
10	9	1194.29
10	11	1037.54
10	12	2132.63
10	13	591.49
10	14	2091.22
10	15	1396.82
10	16	1476.44
10	17	1985.6
10	18	2533.48
10	19	1834.12
10	20	1740.0
10	21	2002.47
10	22	1774.46
10	23	1577.77
10	24	1434.84
10	25	4518.05
10	26	3481.93
10	27	2909.27
10	28	4989.35
10	29	4981.25
10	30	2670.52
10	31	2715.49
10	32	5291.69
10	33	4734.73
10	34	3116.93
10	35	2231.3
10	36	2228.29
10	37	2065.32
10	38	3550.81
10	39	3364.0
10	40	2864.99
10	41	2302.53
10	42	3535.62
10	43	2872.03
10	44	2920.81
10	45	3132.0
10	46	4060.0
10	47	3044.86
10	48	3582.88
10	49	3480.0
10	50	935.22
10	51	1512.45
10	52	1485.52
10	53	3345.95
10	54	2460.73
10	55	2593.84
10	56	1770.66
10	57	1985.6
10	58	1396.82
10	59	2322.9
10	60	1743.86
10	61	1640.49
10	62	1859.62
10	63	9655.91
10	64	1476.44
10	65	4731.89
10	66	2460.73
10	67	2460.73
10	68	3642.47
10	69	5151.24
10	70	4518.05
10	71	3950.82
10	72	2025.85
10	73	2831.92
10	74	2906.95
10	75	4935.11
10	76	3999.9
10	77	2869.68
10	78	4086.43
10	79	3134.15
10	80	3381.95
10	81	5626.9
10	82	7583.6
10	83	7663.91
10	84	5397.43
10	85	6902.73
10	86	7056.96
10	87	7056.0
10	88	7267.38
10	89	4856.79
10	90	1396.82
10	91	1577.77
10	92	5173.39
10	93	5587.3
10	94	4668.91
10	95	5322.11
10	96	6580.38
10	97	7147.9
10	98	13226.54
10	99	6311.08
10	100	905.99
10	101	11983.98
10	102	11602.32
10	103	3371.99
10	104	5964.7
10	105	1069.47
10	106	1276.0
10	107	10128.6
10	108	1512.45
10	109	6217.64
10	110	5396.18
10	111	6567.08
10	112	5992.83
10	113	2698.09
10	114	928.0
10	115	478.28
10	116	1525.74
10	117	4884.41
10	118	3603.48
10	119	8733.19
10	120	418.24
10	121	1577.77
10	122	4858.17
10	123	5889.79
10	124	1811.98
10	125	3876.9
10	126	6661.67
10	127	7481.78
11	1	1276.0
11	2	1800.8
11	3	705.6
11	4	705.6
11	5	2296.68
11	6	492.15
11	7	956.56
11	8	836.49
11	9	164.05
11	10	1037.54
11	12	1648.67
11	13	1322.6
11	14	1815.69
11	15	742.76
11	16	1512.45
11	17	1069.47
11	18	1525.74
11	19	820.24
11	20	935.22
11	21	1050.42
11	22	820.24
11	23	580.0
11	24	478.28
11	25	4026.72
11	26	3036.01
11	27	2380.12
11	28	4596.29
11	29	4456.57
11	30	2348.82
11	31	2138.93
11	32	4733.31
11	33	4268.42
11	34	2957.43
11	35	2438.76
11	36	2252.31
11	37	2116.8
11	38	3250.07
11	39	3166.18
11	40	2957.43
11	41	2132.63
11	42	3427.4
11	43	2757.29
11	44	3413.63
11	45	3713.81
11	46	5009.53
11	47	4020.03
11	48	4477.66
11	49	4432.35
11	50	1740.0
11	51	2132.63
11	52	2509.46
11	53	4277.87
11	54	3168.31
11	55	3631.37
11	56	2708.05
11	57	2698.09
11	58	1944.51
11	59	2025.85
11	60	1512.45
11	61	1640.49
11	62	1740.0
11	63	8619.2
11	64	2055.53
11	65	5587.3
11	66	3460.61
11	67	1512.45
11	68	2629.9
11	69	4130.64
11	70	3528.0
11	71	3024.91
11	72	991.1
11	73	1811.98
11	74	1870.44
11	75	3899.39
11	76	2982.35
11	77	1870.44
11	78	3132.0
11	79	2279.04
11	80	2567.77
11	81	4653.03
11	82	6621.15
11	83	6729.0
11	84	4421.72
11	85	6126.07
11	86	6273.66
11	87	6246.79
11	88	6442.96
11	89	5352.37
11	90	1233.1
11	91	1740.0
11	92	5631.68
11	93	6049.82
11	94	5534.06
11	95	5530.41
11	96	5637.65
11	97	6949.36
11	98	12992.52
11	99	6850.88
11	100	1628.14
11	101	11107.57
11	102	10674.52
11	103	3890.76
11	104	5818.53
11	105	705.6
11	106	580.0
11	107	10906.47
11	108	676.39
11	109	5311.99
11	110	4622.57
11	111	7500.64
11	112	6972.56
11	113	3435.25
11	114	464.0
11	115	1396.82
11	116	1254.73
11	117	3945.71
11	118	4529.94
11	119	7725.98
11	120	905.99
11	121	2413.8
11	122	4429.32
11	123	5880.64
11	124	2831.92
11	125	4222.46
11	126	5694.64
11	127	7888.0
12	1	1044.0
12	2	1577.77
12	3	2228.29
12	4	1211.08
12	5	2690.6
12	6	1160.0
12	7	1322.6
12	8	1774.46
12	9	1672.98
12	10	2132.63
12	11	1648.67
12	13	1870.44
12	14	418.24
12	15	905.99
12	16	956.56
12	17	1044.0
12	18	1577.77
12	19	1411.2
12	20	844.49
12	21	1160.0
12	22	1182.97
12	23	1357.75
12	24	1296.92
12	25	2413.8
12	26	1396.82
12	27	778.15
12	28	2952.88
12	29	2864.99
12	30	733.65
12	31	591.49
12	32	3166.18
12	33	2645.21
12	34	1411.2
12	35	1485.52
12	36	1094.34
12	37	1069.47
12	38	1611.52
12	39	1577.77
12	40	1688.99
12	41	733.65
12	42	1888.34
12	43	1276.0
12	44	2645.21
12	45	3044.86
12	46	5036.32
12	47	4222.46
12	48	4377.37
12	49	4513.58
12	50	2091.22
12	51	1982.21
12	52	3134.15
12	53	4306.08
12	54	2831.92
12	55	4306.08
12	56	2982.35
12	57	2490.63
12	58	3443.07
12	59	3640.63
12	60	3155.54
12	61	3285.07
12	62	3387.91
12	63	8480.7
12	64	3541.33
12	65	6837.12
12	66	4432.35
12	67	2562.52
12	68	3155.54
12	69	4417.15
12	70	4073.24
12	71	3871.69
12	72	1628.14
12	73	2460.73
12	74	2279.04
12	75	3776.69
12	76	2708.05
12	77	1712.72
12	78	2447.02
12	79	1352.78
12	80	1467.3
12	81	3945.71
12	82	5800.0
12	83	5801.16
12	84	3735.49
12	85	7136.59
12	86	7267.38
12	87	7190.13
12	88	7348.4
12	89	6918.31
12	90	2881.38
12	91	3364.0
12	92	7215.35
12	93	4989.35
12	94	5272.58
12	95	4177.61
12	96	6246.79
12	97	5311.99
12	98	11344.89
12	99	8398.59
12	100	3009.3
12	101	9976.67
12	102	9684.44
12	103	3088.74
12	104	7418.56
12	105	1094.34
12	106	1069.47
12	107	10267.15
12	108	1037.54
12	109	6055.38
12	110	5694.64
12	111	7355.72
12	112	7022.55
12	113	4829.0
12	114	1322.6
12	115	2116.8
12	116	2900.0
12	117	3123.4
12	118	4518.05
12	119	7957.63
12	120	1724.46
12	121	2533.48
12	122	2793.65
12	123	4334.12
12	124	3381.95
12	125	5838.15
12	126	4915.99
12	127	6693.91
13	1	844.49
13	2	778.15
13	3	1165.79
13	4	1770.66
13	5	997.87
13	6	1352.78
13	7	591.49
13	8	2132.63
13	9	1485.52
13	10	591.49
13	11	1322.6
13	12	1870.44
13	14	1724.46
13	15	1357.75
13	16	1037.54
13	17	2025.85
13	18	2647.75
13	19	1995.74
13	20	1724.46
13	21	2075.07
13	22	1870.44
13	23	1740.0
13	24	1577.77
13	25	4158.24
13	26	3123.4
13	27	2617.08
13	28	4575.76
13	29	4631.29
13	30	2284.94
13	31	2460.73
13	32	4955.52
13	33	4358.88
13	34	2645.21
13	35	1672.98
13	36	1724.46
13	37	1560.62
13	38	3123.4
13	39	2900.0
13	40	2320.0
13	41	1870.44
13	42	3036.01
13	43	2391.4
13	44	2331.57
13	45	2554.64
13	46	3692.01
13	47	2717.97
13	48	3155.54
13	49	3116.93
13	50	418.24
13	51	928.0
13	52	1322.6
13	53	2957.43
13	54	1913.12
13	55	2504.1
13	56	1396.82
13	57	1434.84
13	58	1930.62
13	59	2900.0
13	60	2320.0
13	61	2231.3
13	62	2447.02
13	63	9849.08
13	64	1995.74
13	65	4989.35
13	66	2562.52
13	67	2831.92
13	68	3937.17
13	69	5423.54
13	70	4845.69
13	71	4343.42
13	72	2228.29
13	73	3116.93
13	74	3134.15
13	75	5093.44
13	76	4099.58
13	77	2957.43
13	78	4079.84
13	79	3051.48
13	80	3256.28
13	81	5626.9
13	82	7553.37
13	83	7596.89
13	84	5402.41
13	85	7388.57
13	86	7540.0
13	87	7526.6
13	88	7730.34
13	89	5332.22
13	90	1972.0
13	91	2167.06
13	92	5660.28
13	93	5000.12
13	94	4217.68
13	95	4738.99
13	96	6960.0
13	97	6644.48
13	98	12720.39
13	99	6757.93
13	100	1415.96
13	101	11837.12
13	102	11512.67
13	103	2786.42
13	104	6555.8
13	105	991.1
13	106	1296.92
13	107	9628.7
13	108	1556.3
13	109	6628.26
13	110	5880.64
13	111	6178.57
13	112	5665.03
13	113	3088.74
13	114	997.87
13	115	259.38
13	116	2091.22
13	117	4845.69
13	118	3208.4
13	119	9028.65
13	120	418.24
13	121	1094.34
13	122	4462.61
13	123	5341.04
13	124	1615.69
13	125	4409.53
13	126	6643.47
13	127	6892.0
14	1	883.43
14	2	1281.26
14	3	2302.53
14	4	1512.45
14	5	2436.0
14	6	1357.75
14	7	1254.73
14	8	2091.22
14	9	1874.04
14	10	2091.22
14	11	1815.69
14	12	418.24
14	13	1724.46
14	15	1100.47
14	16	705.6
14	17	1411.2
14	18	1982.21
14	19	1740.0
14	20	1160.0
14	21	1525.74
14	22	1508.0
14	23	1640.49
14	24	1547.63
14	25	2438.76
14	26	1401.63
14	27	928.0
14	28	2900.0
14	29	2909.27
14	30	580.0
14	31	844.49
14	32	3231.39
14	33	2647.75
14	34	1142.47
14	35	1069.47
14	36	676.39
14	37	656.2
14	38	1476.44
14	39	1352.78
14	40	1296.92
14	41	348.0
14	42	1615.69
14	43	956.56
14	44	2228.29
14	45	2629.9
14	46	4668.91
14	47	3889.03
14	48	3999.9
14	49	4158.24
14	50	1870.44
14	51	1660.87
14	52	2909.27
14	53	3945.71
14	54	2447.02
14	55	4060.0
14	56	2690.6
14	57	2132.63
14	58	3460.61
14	59	3840.28
14	60	3323.76
14	61	3411.66
14	62	3541.33
14	63	8882.9
14	64	3550.81
14	65	6712.98
14	66	4254.21
14	67	2900.0
14	68	3558.38
14	69	4834.57
14	70	4480.66
14	71	4254.21
14	72	1975.41
14	73	2843.77
14	74	2678.07
14	75	4190.47
14	76	3121.24
14	77	2129.48
14	78	2831.92
14	79	1740.0
14	80	1815.69
14	81	4306.08
14	82	6126.07
14	83	6105.17
14	84	4101.22
14	85	7514.08
14	86	7647.21
14	87	7575.61
14	88	7738.17
14	89	6938.7
14	90	3024.91
14	91	3460.61
14	92	7247.91
14	93	4588.97
14	94	4873.38
14	95	3829.76
14	96	6656.62
14	97	5151.24
14	98	11214.27
14	99	8401.0
14	100	2993.61
14	101	10210.64
14	102	9957.77
14	103	2670.52
14	104	7632.24
14	105	1160.0
14	106	1249.36
14	107	9849.08
14	108	1296.92
14	109	6456.52
14	110	6059.82
14	111	6960.0
14	112	6647.52
14	113	4777.17
14	114	1415.96
14	115	1982.21
14	116	3064.68
14	117	3476.13
14	118	4150.14
14	119	8375.33
14	120	1672.98
14	121	2231.3
14	122	2767.03
14	123	4073.24
14	124	3132.0
14	125	5905.76
14	126	5255.96
14	127	6316.41
15	1	836.49
15	2	1485.52
15	3	1352.78
15	4	518.77
15	5	2334.45
15	6	259.38
15	7	778.15
15	8	1069.47
15	9	778.15
15	10	1396.82
15	11	742.76
15	12	905.99
15	13	1357.75
15	14	1100.47
15	16	991.1
15	17	676.39
15	18	1322.6
15	19	778.15
15	20	366.82
15	21	742.76
15	22	580.0
15	23	591.49
15	24	464.0
15	25	3297.34
15	26	2296.68
15	27	1648.67
15	28	3856.02
15	29	3735.49
15	30	1611.52
15	31	1415.96
15	32	4021.71
15	33	3535.62
15	34	2240.33
15	35	1888.34
15	36	1624.0
15	37	1512.45
15	38	2509.46
15	39	2438.76
15	40	2322.9
15	41	1434.84
15	42	2715.49
15	43	2055.53
15	44	2973.31
15	45	3321.73
15	46	4946.01
15	47	4021.71
15	48	4348.07
15	49	4385.05
15	50	1712.72
15	51	1888.34
15	52	2678.07
15	53	4203.3
15	54	2900.0
15	55	3856.02
15	56	2705.56
15	57	2466.19
15	58	2593.84
15	59	2749.96
15	60	2252.31
15	61	2380.12
15	62	2482.51
15	63	8525.8
15	64	2698.09
15	65	6121.68
15	66	3835.02
15	67	1888.34
15	68	2767.03
15	69	4190.47
15	70	3701.11
15	71	3339.91
15	72	1037.54
15	73	1972.0
15	74	1902.54
15	75	3764.2
15	76	2749.96
15	77	1611.52
15	78	2730.32
15	79	1740.0
15	80	1985.6
15	81	4277.87
15	82	6217.64
15	83	6281.16
15	84	4051.71
15	85	6555.8
15	86	6695.92
15	87	6644.48
15	88	6823.32
15	89	6049.82
15	90	1975.41
15	91	2466.19
15	92	6338.74
15	93	5530.41
15	94	5347.34
15	95	4894.05
15	96	5870.33
15	97	6210.06
15	98	12249.95
15	99	7540.0
15	100	2200.95
15	101	10587.18
15	102	10213.93
15	103	3448.93
15	104	6538.33
15	105	366.82
15	106	164.05
15	107	10584.01
15	108	259.38
15	109	5606.53
15	110	5073.59
15	111	7382.19
15	112	6938.7
15	113	4035.07
15	114	478.28
15	115	1547.63
15	116	1995.74
15	117	3510.8
15	118	4441.45
15	119	7796.2
15	120	1050.42
15	121	2320.0
15	122	3692.01
15	123	5173.39
15	124	2973.31
15	125	4946.01
15	126	5301.85
15	127	7322.72
16	1	259.38
16	2	624.68
16	3	1815.69
16	4	1508.0
16	5	1743.86
16	6	1182.97
16	7	676.39
16	8	2055.53
16	9	1624.0
16	10	1476.44
16	11	1512.45
16	12	956.56
16	13	1037.54
16	14	705.6
16	15	991.1
16	17	1577.77
16	18	2228.29
16	19	1766.86
16	20	1254.73
16	21	1672.98
16	22	1556.3
16	23	1577.77
16	24	1434.84
16	25	3123.4
16	26	2091.22
16	27	1628.14
16	28	3541.33
16	29	3597.87
16	30	1249.36
16	31	1512.45
16	32	3925.19
16	33	3321.73
16	34	1640.49
16	35	928.0
16	36	778.15
16	37	624.68
16	38	2091.22
16	39	1888.34
16	40	1467.3
16	41	836.49
16	42	2065.32
16	43	1396.82
16	44	1982.21
16	45	2334.45
16	46	4119.23
16	47	3274.82
16	48	3480.0
16	49	3582.88
16	50	1165.79
16	51	1037.54
16	52	2207.05
16	53	3381.95
16	54	1968.59
16	55	3366.0
16	56	2025.85
16	57	1577.77
16	58	2872.03
16	59	3489.65
16	60	2934.59
16	61	2957.43
16	62	3123.4
16	63	9350.06
16	64	2952.88
16	65	6016.36
16	66	3548.92
16	67	2869.68
16	68	3740.89
16	69	5127.67
16	70	4676.11
16	71	4331.01
16	72	2025.85
16	73	2957.43
16	74	2864.99
16	75	4605.07
16	76	3550.81
16	77	2460.73
16	78	3371.99
16	79	2284.94
16	80	2422.15
16	81	4889.92
16	82	6755.94
16	83	6756.94
16	84	4676.11
16	85	7540.0
16	86	7681.44
16	87	7633.12
16	88	7813.44
16	89	6329.18
16	90	2606.78
16	91	2964.25
16	92	6648.53
16	93	4561.03
16	94	4429.32
16	95	4026.72
16	96	6850.88
16	97	5674.52
16	98	11752.7
16	99	7772.87
16	100	2380.12
16	101	10904.62
16	102	10632.84
16	103	2458.0
16	104	7264.6
16	105	812.0
16	106	1069.47
16	107	9600.71
16	108	1249.36
16	109	6595.7
16	110	6052.04
16	111	6492.89
16	112	6112.88
16	113	4119.23
16	114	1050.42
16	115	1296.92
16	116	2678.07
16	117	4073.24
16	118	3603.48
16	119	8719.31
16	120	1069.47
16	121	1577.77
16	122	3425.44
16	123	4462.61
16	124	2438.76
16	125	5347.34
16	126	5869.19
16	127	6381.05
17	1	1476.44
17	2	2132.63
17	3	1774.46
17	4	366.82
17	5	3009.3
17	6	705.6
17	7	1453.48
17	8	778.15
17	9	991.1
17	10	1985.6
17	11	1069.47
17	12	1044.0
17	13	2025.85
17	14	1411.2
17	15	676.39
17	16	1577.77
17	18	656.2
17	19	418.24
17	20	328.1
17	21	116.0
17	22	259.38
17	23	518.77
17	24	591.49
17	25	3134.15
17	26	2231.3
17	27	1556.3
17	28	3764.2
17	29	3528.0
17	30	1755.4
17	31	1296.92
17	32	3776.69
17	33	3387.91
17	34	2447.02
17	35	2391.4
17	36	2055.53
17	37	1982.21
17	38	2567.77
17	39	2593.84
17	40	2708.05
17	41	1755.4
17	42	2920.81
17	43	2320.0
17	44	3528.0
17	45	3899.39
17	46	5616.13
17	47	4697.64
17	48	5009.53
17	49	5057.65
17	50	2388.59
17	51	2544.08
17	52	3339.91
17	53	4873.38
17	54	3535.62
17	55	4512.09
17	56	3381.95
17	57	3116.93
17	58	3011.54
17	59	2793.65
17	60	2391.4
17	61	2606.78
17	62	2645.21
17	63	7850.38
17	64	3123.4
17	65	6648.53
17	66	4445.99
17	67	1525.74
17	68	2179.44
17	69	3550.81
17	70	3112.61
17	71	2843.77
17	72	591.49
17	73	1434.84
17	74	1296.92
17	75	3088.74
17	76	2075.07
17	77	935.22
17	78	2100.85
17	79	1211.08
17	80	1508.0
17	81	3642.47
17	82	5598.13
17	83	5685.18
17	84	3413.63
17	85	6102.97
17	86	6236.01
17	87	6165.48
17	88	6330.24
17	89	6381.05
17	90	2188.68
17	91	2749.96
17	92	6647.52
17	93	5992.83
17	94	5992.83
17	95	5221.29
17	96	5291.69
17	97	6225.21
17	98	12193.8
17	99	7885.44
17	100	2690.6
17	101	10043.22
17	102	9628.0
17	103	3994.85
17	104	6505.31
17	105	1037.54
17	106	733.65
17	107	11165.56
17	108	478.28
17	109	5064.3
17	110	4653.03
17	111	8040.06
17	112	7610.17
17	113	4504.63
17	114	1069.47
17	115	2200.95
17	116	2157.72
17	117	2902.32
17	118	5109.27
17	119	7147.9
17	120	1688.99
17	121	2993.61
17	122	3573.48
17	123	5347.34
17	124	3640.63
17	125	5213.55
17	126	4676.11
17	127	7726.85
18	1	2132.63
18	2	2788.83
18	3	2207.05
18	4	883.43
18	5	3640.63
18	6	1296.92
18	7	2091.22
18	8	844.49
18	9	1396.82
18	10	2533.48
18	11	1525.74
18	12	1577.77
18	13	2647.75
18	14	1982.21
18	15	1322.6
18	16	2228.29
18	17	656.2
18	19	705.6
18	20	984.29
18	21	580.0
18	22	778.15
18	23	956.56
18	24	1100.47
18	25	3268.65
18	26	2504.1
18	27	1870.44
18	28	3945.71
18	29	3603.48
18	30	2216.18
18	31	1628.14
18	32	3805.08
18	33	3528.0
18	34	2909.27
18	35	3009.3
18	36	2650.29
18	37	2593.84
18	38	2920.81
18	39	3016.0
18	40	3266.59
18	41	2311.28
18	42	3366.0
18	43	2822.4
18	44	4158.24
18	45	4537.36
18	46	6268.29
18	47	5341.04
18	48	5665.03
18	49	5707.62
18	50	3024.91
18	51	3200.0
18	52	3945.71
18	53	5525.55
18	54	4190.47
18	55	5105.32
18	56	4021.71
18	57	3773.12
18	58	3381.95
18	59	2831.92
18	60	2544.08
18	61	2824.78
18	62	2803.27
18	63	7206.95
18	64	3497.36
18	65	7079.8
18	66	4982.6
18	67	1254.73
18	68	1577.77
18	69	2900.0
18	70	2498.72
18	71	2322.9
18	72	591.49
18	73	935.22
18	74	705.6
18	75	2447.02
18	76	1467.3
18	77	348.0
18	78	1640.49
18	79	1069.47
18	80	1396.82
18	81	3134.15
18	82	5105.32
18	83	5231.59
18	84	2902.32
18	85	5587.3
18	86	5713.52
18	87	5626.9
18	88	5779.08
18	89	6613.02
18	90	2422.15
18	91	3011.54
18	92	6854.81
18	93	6567.08
18	94	6648.53
18	95	5713.52
18	96	4676.11
18	97	6462.77
18	98	12334.24
18	99	8120.83
18	100	3134.15
18	101	9649.64
18	102	9175.74
18	103	4619.66
18	104	6380.0
18	105	1672.98
18	106	1352.78
18	107	11798.4
18	108	1094.34
18	109	4477.66
18	110	4177.61
18	111	8696.13
18	112	8261.29
18	113	4894.05
18	114	1660.87
18	115	2803.27
18	116	2348.82
18	117	2460.73
18	118	5762.76
18	119	6492.89
18	120	2284.94
18	121	3642.47
18	122	3735.49
18	123	5726.45
18	124	4254.21
18	125	5396.18
18	126	4177.61
18	127	8258.84
19	1	1611.52
19	2	2252.31
19	3	1508.0
19	4	259.38
19	5	2993.61
19	6	656.2
19	7	1476.44
19	8	366.82
19	9	696.0
19	10	1834.12
19	11	820.24
19	12	1411.2
19	13	1995.74
19	14	1740.0
19	15	778.15
19	16	1766.86
19	17	418.24
19	18	705.6
19	20	580.0
19	21	328.1
19	22	232.0
19	23	259.38
19	24	418.24
19	25	3550.81
19	26	2647.75
19	27	1972.0
19	28	4182.44
19	29	3940.59
19	30	2138.93
19	31	1712.72
19	32	4184.05
19	33	3805.08
19	34	2822.4
19	35	2645.21
19	36	2345.95
19	37	2252.31
19	38	2973.31
19	39	2982.35
19	40	3024.91
19	41	2088.0
19	42	3299.38
19	43	2678.07
19	44	3748.07
19	45	4099.58
19	46	5665.03
19	47	4710.51
19	48	5088.16
19	49	5096.08
19	50	2391.4
19	51	2645.21
19	52	3268.65
19	53	4924.2
19	54	3668.24
19	55	4417.15
19	56	3387.91
19	57	3225.13
19	58	2708.05
19	59	2380.12
19	60	1995.74
19	61	2231.3
19	62	2252.31
19	63	7858.09
19	64	2822.4
19	65	6389.48
19	66	4277.87
19	67	1160.0
19	68	1995.74
19	69	3445.02
19	70	2927.71
19	71	2567.77
19	72	259.38
19	73	1194.29
19	74	1148.34
19	75	3112.61
19	76	2167.06
19	77	1050.42
19	78	2322.9
19	79	1556.3
19	80	1870.44
19	81	3835.02
19	82	5804.64
19	83	5920.55
19	84	3603.48
19	85	5801.16
19	86	5938.7
19	87	5880.64
19	88	6055.38
19	89	6019.72
19	90	1815.69
19	91	2391.4
19	92	6277.95
19	93	6279.02
19	94	6105.17
19	95	5569.21
19	96	5093.44
19	97	6640.43
19	98	12612.03
19	99	7526.6
19	100	2436.0
19	101	10318.79
19	102	9866.14
19	103	4222.46
19	104	6087.51
19	105	1069.47
19	106	742.76
19	107	11362.08
19	108	518.77
19	109	4829.0
19	110	4331.01
19	111	8124.14
19	112	7649.85
19	113	4216.09
19	114	997.87
19	115	2129.48
19	116	1770.66
19	117	3140.58
19	118	5168.19
19	119	7054.1
19	120	1611.52
19	121	3036.01
19	122	3991.48
19	123	5739.36
19	124	3582.88
19	125	4834.57
19	126	4877.52
19	127	8045.08
20	1	1148.34
20	2	1804.54
20	3	1615.69
20	4	366.82
20	5	2698.09
20	6	478.28
20	7	1142.47
20	8	935.22
20	9	905.99
20	10	1740.0
20	11	935.22
20	12	844.49
20	13	1724.46
20	14	1160.0
20	15	366.82
20	16	1254.73
20	17	328.1
20	18	984.29
20	19	580.0
20	21	418.24
20	22	348.0
20	23	518.77
20	24	492.15
20	25	3116.93
20	26	2157.72
20	27	1485.52
20	28	3713.81
20	29	3535.62
20	30	1577.77
20	31	1233.1
20	32	3805.08
20	33	3364.0
20	34	2252.31
20	35	2091.22
20	36	1774.46
20	37	1688.99
20	38	2438.76
20	39	2422.15
20	40	2447.02
20	41	1508.0
20	42	2730.32
20	43	2100.85
20	44	3216.78
20	45	3582.88
20	46	5290.41
20	47	4377.37
20	48	4681.86
20	49	4733.31
20	50	2075.07
20	51	2216.18
20	52	3044.86
20	53	4547.73
20	54	3208.4
20	55	4222.46
20	56	3064.68
20	57	2788.83
20	58	2864.99
20	59	2831.92
20	60	2380.12
20	61	2554.64
20	62	2624.78
20	63	8172.86
20	64	2973.31
20	65	6447.14
20	66	4190.47
20	67	1740.0
20	68	2490.63
20	69	3876.9
20	70	3425.44
20	71	3123.4
20	72	820.24
20	73	1724.46
20	74	1611.52
20	75	3411.66
20	76	2388.59
20	77	1254.73
20	78	2365.95
20	79	1396.82
20	80	1660.87
20	81	3913.17
20	82	5856.56
20	83	5926.23
20	84	3686.54
20	85	6370.5
20	86	6506.35
20	87	6442.96
20	88	6613.02
20	89	6287.59
20	90	2138.93
20	91	2670.52
20	92	6566.05
20	93	5712.34
20	94	5665.03
20	95	4989.35
20	96	5602.93
20	97	6129.37
20	98	12136.28
20	99	7785.84
20	100	2504.1
20	101	10250.1
20	102	9862.73
20	103	3686.54
20	104	6591.62
20	105	733.65
20	106	464.0
20	107	10850.19
20	108	259.38
20	109	5363.67
20	110	4906.4
20	111	7712.04
20	112	7284.95
20	113	4334.12
20	114	812.0
20	115	1913.12
20	116	2132.63
20	117	3151.27
20	118	4782.8
20	119	7475.48
20	120	1411.2
20	121	2670.52
20	122	3535.62
20	123	5178.59
20	124	3339.91
20	125	5151.24
20	126	4939.2
20	127	7468.27
21	1	1560.62
21	2	2216.18
21	3	1755.4
21	4	348.0
21	5	3064.68
21	6	733.65
21	7	1512.45
21	8	676.39
21	9	956.56
21	10	2002.47
21	11	1050.42
21	12	1160.0
21	13	2075.07
21	14	1525.74
21	15	742.76
21	16	1672.98
21	17	116.0
21	18	580.0
21	19	328.1
21	20	418.24
21	22	232.0
21	23	478.28
21	24	580.0
21	25	3225.13
21	26	2334.45
21	27	1660.87
21	28	3861.25
21	29	3612.8
21	30	1870.44
21	31	1401.63
21	32	3856.02
21	33	3480.0
21	34	2562.52
21	35	2498.72
21	36	2167.06
21	37	2091.22
21	38	2678.07
21	39	2708.05
21	40	2822.4
21	41	1870.44
21	42	3036.01
21	43	2436.0
21	44	3631.37
21	45	3999.9
21	46	5688.73
21	47	4761.66
21	48	5088.16
21	49	5127.67
21	50	2447.02
21	51	2624.78
21	52	3381.95
21	53	4946.01
21	54	3623.96
21	55	4549.21
21	56	3443.07
21	57	3200.0
21	58	2982.35
21	59	2708.05
21	60	2320.0
21	61	2546.72
21	62	2575.62
21	63	7785.84
21	64	3095.27
21	65	6637.39
21	66	4462.61
21	67	1411.2
21	68	2075.07
21	69	3460.61
21	70	3009.3
21	71	2730.32
21	72	478.28
21	73	1322.6
21	74	1194.29
21	75	3024.91
21	76	2025.85
21	77	883.43
21	78	2091.22
21	79	1249.36
21	80	1556.3
21	81	3625.81
21	82	5587.3
21	83	5684.0
21	84	3395.85
21	85	5988.34
21	86	6121.68
21	87	6052.04
21	88	6217.64
21	89	6329.18
21	90	2129.48
21	91	2698.09
21	92	6591.62
21	93	6105.17
21	94	6078.67
21	95	5337.26
21	96	5187.68
21	97	6329.18
21	98	12289.98
21	99	7834.94
21	100	2678.07
21	101	10057.27
21	102	9628.7
21	103	4099.58
21	104	6406.31
21	105	1094.34
21	106	778.15
21	107	11266.94
21	108	518.77
21	109	4955.52
21	110	4537.36
21	111	8120.83
21	112	7681.44
21	113	4482.17
21	114	1100.47
21	115	2240.33
21	116	2091.22
21	117	2900.0
21	118	5183.79
21	119	7061.72
21	120	1724.46
21	121	3062.49
21	122	3668.24
21	123	5460.63
21	124	3686.54
21	125	5152.54
21	126	4663.14
21	127	7841.81
22	1	1415.96
22	2	2065.32
22	3	1525.74
22	4	116.0
22	5	2864.99
22	6	518.77
22	7	1322.6
22	8	591.49
22	9	733.65
22	10	1774.46
22	11	820.24
22	12	1182.97
22	13	1870.44
22	14	1508.0
22	15	580.0
22	16	1556.3
22	17	259.38
22	18	778.15
22	19	232.0
22	20	348.0
22	21	232.0
22	23	259.38
22	24	348.0
22	25	3371.99
22	26	2447.02
22	27	1770.66
22	28	3991.48
22	29	3773.12
22	30	1913.12
22	31	1512.45
22	32	4026.72
22	33	3623.96
22	34	2593.84
22	35	2422.15
22	36	2116.8
22	37	2025.85
22	38	2757.29
22	39	2757.29
22	40	2793.65
22	41	1856.0
22	42	3071.26
22	43	2447.02
22	44	3533.72
22	45	3890.76
22	46	5510.92
22	47	4571.34
22	48	4921.46
22	49	4946.01
22	50	2252.31
22	51	2466.19
22	52	3168.31
22	53	4768.71
22	54	3480.0
22	55	4331.01
22	56	3250.07
22	57	3044.86
22	58	2757.29
22	59	2554.64
22	60	2138.93
22	61	2348.82
22	62	2391.4
22	63	7980.43
22	64	2869.68
22	65	6406.31
22	66	4233.6
22	67	1392.0
22	68	2188.68
22	69	3612.8
22	70	3123.4
22	71	2788.83
22	72	478.28
22	73	1401.63
22	74	1322.6
22	75	3223.05
22	76	2240.33
22	77	1100.47
22	78	2322.9
22	79	1467.3
22	80	1766.86
22	81	3856.02
22	82	5818.53
22	83	5916.0
22	84	3625.81
22	85	6028.65
22	86	6165.48
22	87	6105.17
22	88	6277.95
22	89	6121.68
22	90	1930.62
22	91	2490.63
22	92	6388.43
22	93	6052.04
22	94	5926.23
22	95	5337.26
22	96	5295.5
22	97	6434.6
22	98	12420.67
22	99	7626.06
22	100	2447.02
22	101	10287.44
22	102	9860.68
22	103	4006.62
22	104	6287.59
22	105	905.99
22	106	580.0
22	107	11156.52
22	108	328.1
22	109	5041.66
22	110	4561.03
22	111	7956.79
22	112	7500.64
22	113	4254.21
22	114	883.43
22	115	2025.85
22	116	1902.54
22	117	3132.0
22	118	5009.53
22	119	7220.01
22	120	1508.0
22	121	2881.38
22	122	3805.08
22	123	5514.58
22	124	3476.13
22	125	4955.52
22	126	4894.05
22	127	7814.3
23	1	1401.63
23	2	2029.17
23	3	1281.26
23	4	164.05
23	5	2737.7
23	6	418.24
23	7	1233.1
23	8	478.28
23	9	478.28
23	10	1577.77
23	11	580.0
23	12	1357.75
23	13	1740.0
23	14	1640.49
23	15	591.49
23	16	1577.77
23	17	518.77
23	18	956.56
23	19	259.38
23	20	518.77
23	21	478.28
23	22	259.38
23	24	164.05
23	25	3612.8
23	26	2670.52
23	27	1995.74
23	28	4222.46
23	29	4020.03
23	30	2091.22
23	31	1740.0
23	32	4277.87
23	33	3862.99
23	34	2757.29
23	35	2479.8
23	36	2207.05
23	37	2100.85
23	38	2957.43
23	39	2934.59
23	40	2900.0
23	41	1985.6
23	42	3235.55
23	43	2593.84
23	44	3558.38
23	45	3899.39
23	46	5416.09
23	47	4456.57
23	48	4845.69
23	49	4845.69
23	50	2138.93
23	51	2413.8
23	52	3009.3
23	53	4676.11
23	54	3443.07
23	55	4158.24
23	56	3134.15
23	57	2993.61
23	58	2504.1
23	59	2320.0
23	60	1888.34
23	61	2091.22
23	62	2138.93
23	63	8116.69
23	64	2617.08
23	65	6165.48
23	66	4026.72
23	67	1296.92
23	68	2228.29
23	69	3692.01
23	70	3155.54
23	71	2757.29
23	72	492.15
23	73	1415.96
23	74	1396.82
23	75	3371.99
23	76	2422.15
23	77	1296.92
23	78	2552.0
23	79	1724.46
23	80	2025.85
23	81	4074.89
23	82	6042.03
23	83	6149.09
23	84	3843.79
23	85	5964.7
23	86	6105.17
23	87	6055.38
23	88	6236.01
23	89	5862.31
23	90	1672.98
23	91	2231.3
23	92	6129.37
23	93	6121.68
23	94	5870.33
23	95	5463.1
23	96	5311.99
23	97	6647.52
23	98	12648.79
23	99	7366.69
23	100	2207.05
23	101	10532.39
23	102	10094.67
23	103	4035.07
23	104	6073.13
23	105	836.49
23	106	518.77
23	107	11153.51
23	108	348.0
23	109	5032.31
23	110	4482.17
23	111	7881.17
23	112	7398.58
23	113	4004.94
23	114	742.76
23	115	1870.44
23	116	1648.67
23	117	3366.0
23	118	4921.46
23	119	7300.63
23	120	1352.78
23	121	2788.83
23	122	4040.07
23	123	5688.73
