param n := 137;
param deposito := 92;
param numero_clusters := 28;
param factor := 1;

set Np[1]:= 107 108  ;
set Np[2]:= 1 2  ;
set Np[3]:= 74 75 76 77 78 82 87  ;
set Np[4]:= 20 21 22 23 25 52  ;
set Np[5]:= 129 130 131 132 133 134  ;
set Np[6]:= 99 100 101 103  ;
set Np[7]:= 16 17  ;
set Np[8]:= 9 11  ;
set Np[9]:= 92  ;
set Np[10]:= 118 119 120 121 122 123 124  ;
set Np[11]:= 32 33 34 35 38 39 40 43 44  ;
set Np[12]:= 83 84 85 135  ;
set Np[13]:= 53 54 55 56 57 58 59 60 61 62 63  ;
set Np[14]:= 105 106 115  ;
set Np[15]:= 5 6 7 18 19  ;
set Np[16]:= 71 88 89 90 91 93 94  ;
set Np[17]:= 12 13 14 15 41 42 45 46 47 48  ;
set Np[18]:= 102 125 126 127 128  ;
set Np[19]:= 64 65 66 67 68 69 70  ;
set Np[20]:= 109 110 111 112 113  ;
set Np[21]:= 24 26 27 28  ;
set Np[22]:= 49 50 51 72 73  ;
set Np[23]:= 104 114 116 117  ;
set Np[24]:= 8 10 29 30 31 36 37  ;
set Np[25]:= 3 4  ;
set Np[26]:= 136 137  ;
set Np[27]:= 95 96 97 98  ;
set Np[28]:= 79 80 81 86  ;


param c:=
1	2	11.23
1	3	12.21
1	4	25.71
1	5	40.0
1	6	46.73
1	7	46.96
1	8	56.12
1	9	53.61
1	10	63.2
1	11	63.65
1	12	82.08
1	13	85.09
1	14	87.06
1	15	88.83
1	16	96.88
1	17	106.73
1	18	41.73
1	19	45.88
1	20	48.1
1	21	48.03
1	22	53.36
1	23	55.24
1	24	54.43
1	25	58.39
1	26	60.46
1	27	61.74
1	28	64.0
1	29	68.98
1	30	68.69
1	31	67.89
1	32	69.89
1	33	69.19
1	34	71.39
1	35	74.1
1	36	74.45
1	37	75.18
1	38	73.89
1	39	75.61
1	40	78.35
1	41	78.95
1	42	82.48
1	43	78.98
1	44	81.49
1	45	90.21
1	46	88.0
1	47	87.32
1	48	85.9
1	49	85.52
1	50	88.99
1	51	91.7
1	52	66.13
1	53	70.23
1	54	72.54
1	55	76.69
1	56	74.37
1	57	73.59
1	58	77.39
1	59	78.25
1	60	79.43
1	61	78.92
1	62	80.85
1	63	83.41
1	64	84.03
1	65	87.03
1	66	87.19
1	67	88.72
1	68	89.83
1	69	91.83
1	70	95.08
1	71	99.35
1	72	88.46
1	73	91.14
1	74	95.79
1	75	96.05
1	76	99.47
1	77	101.76
1	78	104.74
1	79	111.05
1	80	113.16
1	81	112.91
1	82	105.93
1	83	123.73
1	84	120.78
1	85	117.73
1	86	108.58
1	87	104.57
1	88	101.94
1	89	103.96
1	90	106.1
1	91	105.05
1	92	97.11
1	93	105.8
1	94	106.6
1	95	106.27
1	96	111.86
1	97	110.8
1	98	115.03
1	99	119.76
1	100	122.02
1	101	124.35
1	102	128.75
1	103	128.37
1	104	127.97
1	105	135.34
1	106	136.22
1	107	151.07
1	108	157.55
1	109	144.58
1	110	147.47
1	111	145.73
1	112	144.15
1	113	141.39
1	114	137.91
1	115	135.99
1	116	133.72
1	117	138.18
1	118	146.1
1	119	146.28
1	120	144.27
1	121	145.09
1	122	147.06
1	123	145.47
1	124	144.84
1	125	137.06
1	126	132.55
1	127	138.51
1	128	139.18
1	129	144.84
1	130	145.39
1	131	143.52
1	132	139.75
1	133	137.12
1	134	134.21
1	135	130.19
1	136	121.73
1	137	122.38
2	1	11.23
2	3	3.98
2	4	14.59
2	5	28.79
2	6	35.93
2	7	36.0
2	8	45.34
2	9	42.89
2	10	52.52
2	11	53.67
2	12	71.4
2	13	74.54
2	14	76.54
2	15	78.39
2	16	86.44
2	17	96.54
2	18	30.51
2	19	34.71
2	20	36.97
2	21	36.95
2	22	42.27
2	23	44.15
2	24	43.21
2	25	47.2
2	26	49.28
2	27	50.51
2	28	52.78
2	29	58.23
2	30	57.84
2	31	56.87
2	32	58.83
2	33	58.01
2	34	60.19
2	35	62.88
2	36	63.62
2	37	64.3
2	38	62.86
2	39	64.5
2	40	67.16
2	41	68.15
2	42	71.66
2	43	68.06
2	44	70.42
2	45	79.58
2	46	77.27
2	47	76.54
2	48	75.06
2	49	74.41
2	50	77.82
2	51	80.55
2	52	54.93
2	53	59.04
2	54	61.33
2	55	65.48
2	56	63.19
2	57	62.47
2	58	66.23
2	59	67.08
2	60	68.24
2	61	67.8
2	62	69.68
2	63	72.2
2	64	72.81
2	65	75.81
2	66	76.0
2	67	77.53
2	68	78.62
2	69	80.63
2	70	83.88
2	71	88.13
2	72	77.26
2	73	79.94
2	74	84.59
2	75	84.84
2	76	88.28
2	77	90.58
2	78	93.58
2	79	99.88
2	80	101.99
2	81	101.71
2	82	94.72
2	83	112.53
2	84	109.58
2	85	106.52
2	86	97.36
2	87	93.34
2	88	90.71
2	89	92.74
2	90	94.88
2	91	93.85
2	92	86.12
2	93	94.64
2	94	95.46
2	95	95.14
2	96	100.68
2	97	99.74
2	98	103.99
2	99	108.66
2	100	110.96
2	101	113.25
2	102	117.62
2	103	117.27
2	104	116.98
2	105	124.48
2	106	125.45
2	107	140.5
2	108	146.72
2	109	133.66
2	110	136.48
2	111	134.69
2	112	133.13
2	113	130.38
2	114	126.93
2	115	125.09
2	116	122.7
2	117	127.07
2	118	134.97
2	119	135.12
2	120	133.1
2	121	133.89
2	122	135.85
2	123	134.25
2	124	133.62
2	125	125.89
2	126	121.36
2	127	127.29
2	128	127.96
2	129	133.61
2	130	134.19
2	131	132.32
2	132	128.55
2	133	125.9
2	134	123.0
2	135	118.98
2	136	110.5
2	137	111.19
3	1	12.21
3	2	3.98
3	4	15.54
3	5	29.04
3	6	37.08
3	7	36.89
3	8	46.43
3	9	44.09
3	10	53.71
3	11	55.49
3	12	72.5
3	13	75.79
3	14	77.82
3	15	79.75
3	16	87.78
3	17	98.07
3	18	30.6
3	19	35.1
3	20	36.27
3	21	36.11
3	22	41.46
3	23	43.31
3	24	43.26
3	25	46.7
3	26	49.53
3	27	50.4
3	28	52.45
3	29	59.31
3	30	58.78
3	31	57.54
3	32	59.39
3	33	58.26
3	34	60.3
3	35	62.87
3	36	64.57
3	37	65.17
3	38	63.49
3	39	64.95
3	40	67.31
3	41	69.14
3	42	72.59
3	43	68.85
3	44	70.92
3	45	80.74
3	46	78.31
3	47	77.52
3	48	75.96
3	49	74.82
3	50	78.04
3	51	80.82
3	52	54.43
3	53	58.5
3	54	60.92
3	55	65.02
3	56	62.6
3	57	61.69
3	58	65.57
3	59	66.45
3	60	67.68
3	61	67.0
3	62	69.02
3	63	71.71
3	64	72.55
3	65	75.45
3	66	75.45
3	67	76.98
3	68	78.16
3	69	80.12
3	70	83.35
3	71	87.7
3	72	77.32
3	73	80.03
3	74	84.69
3	75	84.83
3	76	88.39
3	77	90.74
3	78	93.82
3	79	100.08
3	80	102.17
3	81	101.77
3	82	94.68
3	83	112.58
3	84	109.6
3	85	106.52
3	86	97.3
3	87	93.18
3	88	90.48
3	89	92.33
3	90	94.45
3	91	93.32
3	92	85.03
3	93	93.95
3	94	94.72
3	95	94.35
3	96	100.03
3	97	98.79
3	98	103.0
3	99	107.78
3	100	110.01
3	101	112.37
3	102	116.83
3	103	116.39
3	104	115.89
3	105	123.18
3	106	124.03
3	107	138.87
3	108	145.38
3	109	132.45
3	110	135.38
3	111	133.68
3	112	132.09
3	113	129.32
3	114	125.81
3	115	123.85
3	116	121.66
3	117	126.23
3	118	134.16
3	119	134.42
3	120	132.43
3	121	133.32
3	122	135.35
3	123	133.81
3	124	133.19
3	125	125.23
3	126	120.78
3	127	126.83
3	128	127.54
3	129	133.43
3	130	134.19
3	131	132.37
3	132	128.61
3	133	125.85
3	134	122.99
3	135	118.93
3	136	110.17
3	137	110.62
4	1	25.71
4	2	14.59
4	3	15.54
4	5	14.39
4	6	21.55
4	7	21.45
4	8	30.92
4	9	28.56
4	10	38.18
4	11	40.17
4	12	57.0
4	13	60.26
4	14	62.28
4	15	64.21
4	16	72.24
4	17	82.56
4	18	16.22
4	19	20.17
4	20	23.71
4	21	23.96
4	22	29.05
4	23	30.97
4	24	28.84
4	25	33.4
4	26	34.76
4	27	36.23
4	28	38.71
4	29	43.81
4	30	43.33
4	31	42.29
4	32	44.23
4	33	43.48
4	34	45.72
4	35	48.49
4	36	49.12
4	37	49.77
4	38	48.27
4	39	49.92
4	40	52.66
4	41	53.68
4	42	57.16
4	43	53.5
4	44	55.83
4	45	65.22
4	46	62.83
4	47	62.06
4	48	60.54
4	49	59.83
4	50	63.28
4	51	65.99
4	52	41.06
4	53	45.19
4	54	47.3
4	55	51.5
4	56	49.38
4	57	48.93
4	58	52.49
4	59	53.3
4	60	54.36
4	61	54.25
4	62	55.92
4	63	58.22
4	64	58.58
4	65	61.67
4	66	62.07
4	67	63.59
4	68	64.58
4	69	66.63
4	70	69.91
4	71	74.04
4	72	62.79
4	73	65.45
4	74	70.1
4	75	70.4
4	76	73.78
4	77	76.05
4	78	79.02
4	79	85.34
4	80	87.45
4	81	87.23
4	82	80.29
4	83	98.04
4	84	95.11
4	85	92.07
4	86	82.94
4	87	79.0
4	88	76.43
4	89	78.62
4	90	80.78
4	91	79.85
4	92	72.97
4	93	80.84
4	94	81.71
4	95	81.46
4	96	86.82
4	97	86.28
4	98	90.6
4	99	95.09
4	100	97.48
4	101	99.65
4	102	103.89
4	103	103.68
4	104	103.71
4	105	111.56
4	106	112.78
4	107	128.24
4	108	133.82
4	109	120.56
4	110	123.18
4	111	121.25
4	112	119.76
4	113	117.03
4	114	113.67
4	115	112.07
4	116	109.33
4	117	113.39
4	118	121.25
4	119	121.25
4	120	119.2
4	121	119.88
4	122	121.75
4	123	120.11
4	124	119.47
4	125	111.99
4	126	107.37
4	127	113.18
4	128	113.79
4	129	119.25
4	130	119.72
4	131	117.82
4	132	114.05
4	133	111.46
4	134	108.54
4	135	104.54
4	136	96.28
4	137	97.19
5	1	40.0
5	2	28.79
5	3	29.04
5	4	14.39
5	6	10.64
5	7	9.21
5	8	18.71
5	9	16.94
5	10	25.98
5	11	30.43
5	12	44.22
5	13	47.81
5	14	49.88
5	15	52.0
5	16	59.9
5	17	70.66
5	18	2.0
5	19	6.1
5	20	10.95
5	21	11.71
5	22	15.91
5	23	17.77
5	24	14.45
5	25	19.34
5	26	20.51
5	27	21.84
5	28	24.4
5	29	31.13
5	30	30.29
5	31	28.64
5	32	30.4
5	33	29.25
5	34	31.39
5	35	34.11
5	36	36.05
5	37	36.5
5	38	34.54
5	39	35.92
5	40	38.37
5	41	40.64
5	42	43.98
5	43	40.05
5	44	41.9
5	45	52.49
5	46	49.83
5	47	48.95
5	48	47.27
5	49	45.78
5	50	49.05
5	51	51.81
5	52	26.86
5	53	30.99
5	54	32.99
5	55	37.2
5	56	35.19
5	57	34.96
5	58	38.34
5	59	39.12
5	60	40.11
5	61	40.24
5	62	41.74
5	63	43.91
5	64	44.19
5	65	47.29
5	66	47.78
5	67	49.29
5	68	50.24
5	69	52.3
5	70	55.59
5	71	59.67
5	72	48.47
5	73	51.15
5	74	55.8
5	75	56.05
5	76	59.49
5	77	61.8
5	78	64.83
5	79	71.12
5	80	73.22
5	81	72.92
5	82	65.94
5	83	83.74
5	84	80.78
5	85	77.73
5	86	68.58
5	87	64.62
5	88	62.04
5	89	64.24
5	90	66.41
5	91	65.52
5	92	59.16
5	93	66.59
5	94	67.48
5	95	67.28
5	96	72.53
5	97	72.22
5	98	76.58
5	99	80.95
5	100	83.39
5	101	85.49
5	102	89.65
5	103	89.52
5	104	89.75
5	105	97.82
5	106	99.21
5	107	114.95
5	108	120.06
5	109	106.68
5	110	109.17
5	111	107.15
5	112	105.71
5	113	102.99
5	114	99.7
5	115	98.25
5	116	95.29
5	117	99.18
5	118	107.01
5	119	106.95
5	120	104.89
5	121	105.53
5	122	107.38
5	123	105.73
5	124	105.09
5	125	97.67
5	126	93.02
5	127	98.8
5	128	99.4
5	129	104.87
5	130	105.4
5	131	103.53
5	132	99.76
5	133	97.12
5	134	94.21
5	135	90.2
5	136	81.89
5	137	82.85
6	1	46.73
6	2	35.93
6	3	37.08
6	4	21.55
6	5	10.64
6	7	2.43
6	8	9.41
6	9	7.01
6	10	16.63
6	11	19.85
6	12	35.47
6	13	38.71
6	14	40.74
6	15	42.69
6	16	50.71
6	17	61.14
6	18	10.73
6	19	7.13
6	20	16.99
6	21	18.21
6	22	19.9
6	23	21.24
6	24	12.99
6	25	20.1
6	26	16.17
6	27	19.53
6	28	22.97
6	29	22.3
6	30	21.96
6	31	21.49
6	32	23.67
6	33	24.09
6	34	26.78
6	35	29.93
6	36	27.72
6	37	28.46
6	38	27.45
6	39	29.56
6	40	33.21
6	41	32.23
6	42	35.75
6	43	32.29
6	44	35.2
6	45	43.68
6	46	41.33
6	47	40.61
6	48	39.17
6	49	39.39
6	50	43.32
6	51	45.83
6	52	25.98
6	53	29.74
6	54	30.85
6	55	34.96
6	56	33.72
6	57	34.44
6	58	36.93
6	59	37.5
6	60	38.08
6	61	39.3
6	62	40.02
6	63	41.32
6	64	40.55
6	65	43.95
6	66	45.22
6	67	46.65
6	68	47.18
6	69	49.35
6	70	52.63
6	71	56.18
6	72	43.36
6	73	45.85
6	74	50.38
6	75	51.01
6	76	53.97
6	77	56.05
6	78	58.8
6	79	65.17
6	80	67.29
6	81	67.41
6	82	60.85
6	83	78.16
6	84	75.32
6	85	72.39
6	86	63.52
6	87	60.0
6	88	57.72
6	89	60.54
6	90	62.75
6	91	62.23
6	92	58.31
6	93	63.89
6	94	64.91
6	95	64.91
6	96	69.54
6	97	70.31
6	98	74.74
6	99	78.61
6	100	81.24
6	101	83.01
6	102	86.79
6	103	87.01
6	104	87.97
6	105	96.63
6	106	98.44
6	107	114.68
6	108	118.67
6	109	105.03
6	110	107.11
6	111	104.79
6	112	103.52
6	113	100.87
6	114	97.83
6	115	96.84
6	116	93.22
6	117	96.35
6	118	104.0
6	119	103.57
6	120	101.43
6	121	101.75
6	122	103.32
6	123	101.53
6	124	100.86
6	125	94.27
6	126	89.4
6	127	94.73
6	128	95.15
6	129	99.83
6	130	99.83
6	131	97.8
6	132	94.04
6	133	91.76
6	134	88.73
6	135	84.88
6	136	77.59
6	137	79.32
7	1	46.96
7	2	36.0
7	3	36.89
7	4	21.45
7	5	9.21
7	6	2.43
7	8	9.69
7	9	7.74
7	10	17.03
7	11	21.29
7	12	35.65
7	13	39.06
7	14	41.11
7	15	43.15
7	16	51.12
7	17	61.73
7	18	8.94
7	19	4.83
7	20	14.61
7	21	15.83
7	22	17.49
7	23	18.85
7	24	10.87
7	25	17.87
7	26	14.71
7	27	17.72
7	28	21.06
7	29	22.46
7	30	21.89
7	31	20.95
7	32	23.01
7	33	22.98
7	34	25.56
7	35	28.63
7	36	27.68
7	37	28.31
7	38	26.95
7	39	28.83
7	40	32.17
7	41	32.25
7	42	35.71
7	43	32.06
7	44	34.62
7	45	43.91
7	46	41.42
7	47	40.63
7	48	39.09
7	49	38.73
7	50	42.49
7	51	45.08
7	52	24.02
7	53	27.87
7	54	29.14
7	55	33.3
7	56	31.92
7	57	32.49
7	58	35.13
7	59	35.75
7	60	36.4
7	61	37.44
7	62	38.29
7	63	39.76
7	64	39.2
7	65	42.55
7	66	43.67
7	67	45.12
7	68	45.73
7	69	47.89
7	70	51.18
7	71	54.85
7	72	42.36
7	73	44.91
7	74	49.49
7	75	50.02
7	76	53.12
7	77	55.26
7	78	58.09
7	79	64.45
7	80	66.57
7	81	66.58
7	82	59.9
7	83	77.36
7	84	74.49
7	85	71.52
7	86	62.56
7	87	58.93
7	88	56.58
7	89	59.26
7	90	61.47
7	91	60.87
7	92	56.5
7	93	62.41
7	94	63.41
7	95	63.38
7	96	68.13
7	97	68.7
7	98	73.12
7	99	77.09
7	100	79.69
7	101	81.52
7	102	85.38
7	103	85.53
7	104	86.36
7	105	94.93
7	106	96.67
7	107	112.84
7	108	117.02
7	109	103.41
7	110	105.56
7	111	103.3
7	112	101.99
7	113	99.33
7	114	96.24
7	115	95.17
7	116	91.67
7	117	94.94
7	118	102.63
7	119	102.28
7	120	100.15
7	121	100.54
7	122	102.18
7	123	100.42
7	124	99.75
7	125	92.98
7	126	88.15
7	127	93.58
7	128	94.05
7	129	98.91
7	130	99.05
7	131	97.06
7	132	93.29
7	133	90.92
7	134	87.92
7	135	84.02
7	136	76.47
7	137	78.04
8	1	56.12
8	2	45.34
8	3	46.43
8	4	30.92
8	5	18.71
8	6	9.41
8	7	9.69
8	9	2.7
8	10	7.34
8	11	13.16
8	12	26.08
8	13	29.4
8	14	31.44
8	15	33.46
8	16	41.45
8	17	52.04
8	18	18.04
8	19	13.15
8	20	20.68
8	21	21.95
8	22	21.27
8	23	21.88
8	24	12.12
8	25	18.63
8	26	10.84
8	27	15.33
8	28	18.9
8	29	12.9
8	30	12.6
8	31	12.67
8	32	15.0
8	33	16.56
8	34	19.46
8	35	22.72
8	36	18.33
8	37	19.11
8	38	18.46
8	39	20.89
8	40	25.15
8	41	22.83
8	42	26.36
8	43	22.99
8	44	26.24
8	45	34.31
8	46	31.93
8	47	31.2
8	48	29.78
8	49	30.5
8	50	34.69
8	51	37.06
8	52	21.93
8	53	24.95
8	54	25.2
8	55	28.95
8	56	28.42
8	57	29.87
8	58	31.46
8	59	31.84
8	60	32.06
8	61	34.09
8	62	34.16
8	63	34.74
8	64	33.26
8	65	36.75
8	66	38.53
8	67	39.87
8	68	40.1
8	69	42.29
8	70	45.49
8	71	48.63
8	72	35.07
8	73	37.42
8	74	41.83
8	75	42.65
8	76	45.34
8	77	47.29
8	78	49.9
8	79	56.27
8	80	58.39
8	81	58.69
8	82	52.37
8	83	69.36
8	84	66.57
8	85	63.71
8	86	55.02
8	87	51.75
8	88	49.67
8	89	52.8
8	90	55.01
8	91	54.73
8	92	52.54
8	93	56.73
8	94	57.83
8	95	57.97
8	96	62.13
8	97	63.6
8	98	68.02
8	99	71.52
8	100	74.26
8	101	75.81
8	102	79.32
8	103	79.75
8	104	81.17
8	105	90.17
8	106	92.24
8	107	108.74
8	108	111.96
8	109	98.22
8	110	100.01
8	111	97.53
8	112	96.36
8	113	93.78
8	114	90.9
8	115	90.23
8	116	86.2
8	117	88.85
8	118	96.36
8	119	95.73
8	120	93.55
8	121	93.7
8	122	95.13
8	123	93.27
8	124	92.59
8	125	86.46
8	126	81.49
8	127	86.56
8	128	86.89
8	129	91.19
8	130	90.97
8	131	88.89
8	132	85.14
8	133	83.0
8	134	79.94
8	135	76.17
8	136	69.38
8	137	71.52
9	1	53.61
9	2	42.89
9	3	44.09
9	4	28.56
9	5	16.94
9	6	7.01
9	7	7.74
9	8	2.7
9	10	9.63
9	11	13.84
9	12	28.5
9	13	31.7
9	14	33.72
9	15	35.68
9	16	43.7
9	17	54.16
9	18	16.51
9	19	11.81
9	20	20.27
9	21	21.55
9	22	21.54
9	23	22.37
9	24	12.7
9	25	19.64
9	26	12.71
9	27	17.02
9	28	20.62
9	29	15.38
9	30	15.22
9	31	15.36
9	32	17.69
9	33	19.08
9	34	21.96
9	35	25.21
9	36	20.89
9	37	21.73
9	38	21.15
9	39	23.58
9	40	27.78
9	41	25.35
9	42	28.9
9	43	25.62
9	44	28.94
9	45	36.69
9	46	34.4
9	47	33.71
9	48	32.34
9	49	33.2
9	50	37.39
9	51	39.76
9	52	23.69
9	53	26.92
9	54	27.38
9	55	31.23
9	56	30.53
9	57	31.83
9	58	33.63
9	59	34.06
9	60	34.35
9	61	36.21
9	62	36.43
9	63	37.15
9	64	35.79
9	65	39.27
9	66	40.97
9	67	42.33
9	68	42.61
9	69	44.8
9	70	48.02
9	71	51.22
9	72	37.74
9	73	40.1
9	74	44.52
9	75	45.33
9	76	48.03
9	77	49.99
9	78	52.6
9	79	58.96
9	80	61.09
9	81	61.39
9	82	55.06
9	83	72.06
9	84	69.27
9	85	66.4
9	86	57.71
9	87	54.43
9	88	52.33
9	89	55.42
9	90	57.63
9	91	57.32
9	92	54.83
9	93	59.27
9	94	60.36
9	95	60.47
9	96	64.71
9	97	66.07
9	98	70.5
9	99	74.06
9	100	76.78
9	101	78.36
9	102	81.92
9	103	82.32
9	104	83.67
9	105	92.61
9	106	94.64
9	107	111.1
9	108	114.45
9	109	100.72
9	110	102.56
9	111	100.1
9	112	98.92
9	113	96.32
9	114	93.42
9	115	92.7
9	116	88.73
9	117	91.45
9	118	98.98
9	119	98.37
9	120	96.2
9	121	96.36
9	122	97.81
9	123	95.95
9	124	95.27
9	125	89.1
9	126	84.13
9	127	89.23
9	128	89.57
9	129	93.89
9	130	93.66
9	131	91.58
9	132	87.84
9	133	85.7
9	134	82.63
9	135	78.86
9	136	72.05
9	137	74.16
10	1	63.2
10	2	52.52
10	3	53.71
10	4	38.18
10	5	25.98
10	6	16.63
10	7	17.03
10	8	7.34
10	9	9.63
10	11	9.42
10	12	18.89
10	13	22.09
10	14	24.12
10	15	26.13
10	16	34.12
10	17	44.71
10	18	25.2
10	19	20.25
10	20	26.67
10	21	27.89
10	22	26.15
10	23	26.31
10	24	17.05
10	25	22.1
10	26	12.83
10	27	17.21
10	28	20.29
10	29	5.89
10	30	6.33
10	31	8.51
10	32	10.8
10	33	14.25
10	34	17.07
10	35	20.16
10	36	11.55
10	37	12.58
10	38	13.07
10	39	16.08
10	40	21.15
10	41	15.86
10	42	19.44
10	43	16.52
10	44	20.59
10	45	27.06
10	46	24.81
10	47	24.17
10	48	22.89
10	49	24.9
10	50	29.45
10	51	31.54
10	52	22.97
10	53	24.97
10	54	24.33
10	55	27.4
10	56	27.66
10	57	29.76
10	58	30.36
10	59	30.52
10	60	30.34
10	61	33.11
10	62	32.51
10	63	32.26
10	64	29.96
10	65	33.45
10	66	35.8
10	67	36.98
10	68	36.84
10	69	39.0
10	70	42.04
10	71	44.64
10	72	30.34
10	73	32.42
10	74	36.58
10	75	37.67
10	76	39.92
10	77	41.66
10	78	44.03
10	79	50.36
10	80	52.47
10	81	53.03
10	82	47.1
10	83	63.54
10	84	60.84
10	85	58.08
10	86	49.71
10	87	46.83
10	88	45.03
10	89	48.52
10	90	50.71
10	91	50.71
10	92	50.46
10	93	53.1
10	94	54.26
10	95	54.54
10	96	58.15
10	97	60.37
10	98	64.75
10	99	67.82
10	100	70.63
10	101	71.93
10	102	75.14
10	103	75.8
10	104	77.71
10	105	87.0
10	106	89.33
10	107	106.0
10	108	108.43
10	109	94.64
10	110	96.14
10	111	93.49
10	112	92.44
10	113	89.93
10	114	87.24
10	115	86.9
10	116	82.47
10	117	84.58
10	118	91.9
10	119	91.03
10	120	88.83
10	121	88.77
10	122	90.03
10	123	88.09
10	124	87.39
10	125	81.84
10	126	76.77
10	127	81.51
10	128	81.73
10	129	85.52
10	130	85.0
10	131	82.85
10	132	79.13
10	133	77.2
10	134	74.09
10	135	70.44
10	136	64.36
10	137	67.0
11	1	63.65
11	2	53.67
11	3	55.49
11	4	40.17
11	5	30.43
11	6	19.85
11	7	21.29
11	8	13.16
11	9	13.84
11	10	9.42
11	12	21.17
11	13	22.88
11	14	24.57
11	15	25.89
11	16	33.81
11	17	43.13
11	18	30.21
11	19	25.64
11	20	33.83
11	21	35.1
11	22	34.28
11	23	34.73
11	24	25.06
11	25	30.93
11	26	21.94
11	27	26.44
11	28	29.63
11	29	12.16
11	30	13.9
11	31	17.36
11	32	19.39
11	33	23.4
11	34	26.1
11	35	29.02
11	36	16.77
11	37	18.21
11	38	20.44
11	39	23.73
11	40	29.16
11	41	19.67
11	42	23.02
11	43	21.73
11	44	26.89
11	45	28.21
11	46	26.99
11	47	26.81
11	48	26.25
11	49	30.98
11	50	35.84
11	51	37.44
11	52	32.37
11	53	34.37
11	54	33.62
11	55	36.49
11	56	36.94
11	57	39.13
11	58	39.54
11	59	39.63
11	60	39.33
11	61	42.3
11	62	41.5
11	63	40.9
11	64	38.17
11	65	41.59
11	66	44.24
11	67	45.31
11	68	44.94
11	69	47.04
11	70	49.92
11	71	52.02
11	72	37.32
11	73	39.02
11	74	42.72
11	75	44.13
11	76	45.73
11	77	47.09
11	78	48.99
11	79	55.11
11	80	57.16
11	81	58.19
11	82	52.96
11	83	68.27
11	84	65.77
11	85	63.23
11	86	55.48
11	87	53.16
11	88	51.73
11	89	55.57
11	90	57.7
11	91	57.99
11	92	59.1
11	93	60.68
11	94	61.89
11	95	62.3
11	96	65.37
11	97	68.22
11	98	72.53
11	99	75.22
11	100	78.09
11	101	79.16
11	102	82.02
11	103	82.92
11	104	85.26
11	105	94.74
11	106	97.27
11	107	114.01
11	108	115.81
11	109	102.02
11	110	103.23
11	111	100.42
11	112	99.5
11	113	97.07
11	114	94.58
11	115	94.53
11	116	89.75
11	117	91.32
11	118	98.39
11	119	97.25
11	120	95.02
11	121	94.69
11	122	95.7
11	123	93.66
11	124	92.95
11	125	88.19
11	126	83.04
11	127	87.31
11	128	87.36
11	129	90.34
11	130	89.27
11	131	86.97
11	132	83.33
11	133	81.84
11	134	78.66
11	135	75.27
11	136	70.35
11	137	73.57
12	1	82.08
12	2	71.4
12	3	72.5
12	4	57.0
12	5	44.22
12	6	35.47
12	7	35.65
12	8	26.08
12	9	28.5
12	10	18.89
12	11	21.17
12	13	4.24
12	14	6.2
12	15	8.66
12	16	15.9
12	17	27.09
12	18	43.15
12	19	38.21
12	20	42.37
12	21	43.41
12	22	40.03
12	23	39.41
12	24	32.43
12	25	34.34
12	26	26.08
12	27	28.42
12	28	29.58
12	29	13.19
12	30	13.95
12	31	16.49
12	32	15.76
12	33	19.82
12	34	20.42
12	35	21.21
12	36	8.33
12	37	8.36
12	38	12.1
12	39	13.63
12	40	17.56
12	41	3.98
12	42	3.22
12	43	6.67
12	44	11.13
12	45	8.27
12	46	6.0
12	47	5.65
12	48	5.33
12	49	13.37
12	50	17.95
12	51	18.45
12	52	30.73
12	53	30.06
12	54	27.62
12	55	28.04
12	56	30.17
12	57	33.21
12	58	31.27
12	59	30.83
12	60	29.66
12	61	33.7
12	62	31.48
12	63	29.04
12	64	24.96
12	65	27.56
12	66	31.05
12	67	31.56
12	68	30.38
12	69	32.06
12	70	34.17
12	71	34.81
12	72	20.53
12	73	21.15
12	74	23.68
12	75	25.54
12	76	26.04
12	77	26.91
12	78	28.35
12	79	34.25
12	80	36.25
12	81	37.55
12	82	33.1
12	83	47.31
12	84	44.92
12	85	42.53
12	86	35.43
12	87	33.91
12	88	33.14
12	89	37.44
12	90	39.37
12	91	40.23
12	92	45.5
12	93	43.53
12	94	44.8
12	95	45.49
12	96	47.24
12	97	51.46
12	98	55.46
12	99	57.21
12	100	60.15
12	101	60.72
12	102	62.97
12	103	64.24
12	104	67.38
12	105	77.17
12	106	80.13
12	107	96.87
12	108	97.27
12	109	83.58
12	110	84.28
12	111	81.25
12	112	80.53
12	113	78.26
12	114	76.15
12	115	76.68
12	116	71.29
12	117	71.94
12	118	78.63
12	119	77.19
12	120	74.94
12	121	74.36
12	122	75.16
12	123	73.06
12	124	72.34
12	125	68.34
12	126	63.15
12	127	66.93
12	128	66.84
12	129	69.34
12	130	68.13
12	131	65.82
12	132	62.19
12	133	60.8
12	134	57.61
12	135	54.33
12	136	50.29
12	137	54.17
13	1	85.09
13	2	74.54
13	3	75.79
13	4	60.26
13	5	47.81
13	6	38.71
13	7	39.06
13	8	29.4
13	9	31.7
13	10	22.09
13	11	22.88
13	12	4.24
13	14	2.08
13	15	4.46
13	16	12.09
13	17	23.08
13	18	46.83
13	19	41.87
13	20	46.4
13	21	47.46
13	22	44.18
13	23	43.6
13	24	36.43
13	25	38.54
13	26	30.16
13	27	32.62
13	28	33.81
13	29	16.68
13	30	17.72
13	31	20.56
13	32	19.95
13	33	24.06
13	34	24.63
13	35	25.33
13	36	12.33
13	37	12.53
13	38	16.34
13	39	17.8
13	40	21.45
13	41	8.2
13	42	6.77
13	43	10.83
13	44	14.73
13	45	5.33
13	46	5.02
13	47	5.69
13	48	6.9
13	49	16.19
13	50	20.34
13	51	20.28
13	52	34.97
13	53	34.23
13	54	31.74
13	55	31.98
13	56	34.2
13	57	37.27
13	58	35.17
13	59	34.68
13	60	33.45
13	61	37.53
13	62	35.18
13	63	32.53
13	64	28.34
13	65	30.7
13	66	34.27
13	67	34.65
13	68	33.32
13	69	34.86
13	70	36.72
13	71	36.88
13	72	23.19
13	73	23.38
13	74	25.24
13	75	27.27
13	76	27.12
13	77	27.6
13	78	28.54
13	79	34.07
13	80	35.97
13	81	37.61
13	82	33.89
13	83	46.85
13	84	44.64
13	85	42.46
13	86	36.06
13	87	35.08
13	88	34.67
13	89	39.1
13	90	40.91
13	91	41.99
13	92	48.39
13	93	45.47
13	94	46.74
13	95	47.53
13	96	48.76
13	97	53.44
13	98	57.3
13	99	58.69
13	100	61.63
13	101	61.98
13	102	63.93
13	103	65.36
13	104	68.84
13	105	78.68
13	106	81.78
13	107	98.46
13	108	98.32
13	109	84.72
13	110	85.19
13	111	82.05
13	112	81.44
13	113	79.26
13	114	77.32
13	115	78.09
13	116	72.47
13	117	72.68
13	118	79.12
13	119	77.49
13	120	75.24
13	121	74.47
13	122	75.08
13	123	72.93
13	124	72.21
13	125	68.82
13	126	63.62
13	127	67.01
13	128	66.81
13	129	68.72
13	130	67.16
13	131	64.78
13	132	61.22
13	133	60.12
13	134	56.91
13	135	53.85
13	136	50.73
13	137	55.01
14	1	87.06
14	2	76.54
14	3	77.82
14	4	62.28
14	5	49.88
14	6	40.74
14	7	41.11
14	8	31.44
14	9	33.72
14	10	24.12
14	11	24.57
14	12	6.2
14	13	2.08
14	15	2.5
14	16	10.02
14	17	21.01
14	18	48.9
14	19	43.94
14	20	48.46
14	21	49.52
14	22	46.21
14	23	45.61
14	24	38.5
14	25	40.54
14	26	32.21
14	27	34.62
14	28	35.75
14	29	18.76
14	30	19.8
14	31	22.61
14	32	21.96
14	33	25.99
14	34	26.46
14	35	27.02
14	36	14.39
14	37	14.54
14	38	18.27
14	39	19.58
14	40	22.96
14	41	10.18
14	42	8.36
14	43	12.63
14	44	16.1
14	45	3.86
14	46	4.93
14	47	6.0
14	48	7.7
14	49	17.13
14	50	20.98
14	51	20.63
14	52	36.83
14	53	35.98
14	54	33.43
14	55	33.49
14	56	35.8
14	57	38.89
14	58	36.64
14	59	36.12
14	60	34.84
14	61	38.94
14	62	36.51
14	63	33.73
14	64	29.47
14	65	31.67
14	66	35.28
14	67	35.58
14	68	34.16
14	69	35.61
14	70	37.32
14	71	37.21
14	72	23.94
14	73	23.9
14	74	25.39
14	75	27.49
14	76	27.01
14	77	27.3
14	78	27.99
14	79	33.3
14	80	35.15
14	81	36.93
14	82	33.59
14	83	45.91
14	84	43.79
14	85	41.71
14	86	35.66
14	87	34.97
14	88	34.74
14	89	39.21
14	90	40.96
14	91	42.14
14	92	49.16
14	93	45.71
14	94	46.98
14	95	47.81
14	96	48.77
14	97	53.68
14	98	57.46
14	99	58.65
14	100	61.58
14	101	61.83
14	102	63.62
14	103	65.14
14	104	68.77
14	105	78.63
14	106	81.81
14	107	98.44
14	108	98.02
14	109	84.48
14	110	84.83
14	111	81.65
14	112	81.08
14	113	78.95
14	114	77.1
14	115	77.99
14	116	72.27
14	117	72.25
14	118	78.56
14	119	76.84
14	120	74.59
14	121	73.74
14	122	74.27
14	123	72.1
14	124	71.37
14	125	68.27
14	126	63.08
14	127	66.28
14	128	66.03
14	129	67.67
14	130	65.96
14	131	63.55
14	132	60.03
14	133	59.06
14	134	55.85
14	135	52.89
14	136	50.19
14	137	54.66
15	1	88.83
15	2	78.39
15	3	79.75
15	4	64.21
15	5	52.0
15	6	42.69
15	7	43.15
15	8	33.46
15	9	35.68
15	10	26.13
15	11	25.89
15	12	8.66
15	13	4.46
15	14	2.5
15	16	8.06
15	17	18.73
15	18	51.07
15	19	46.1
15	20	50.82
15	21	51.89
15	22	48.63
15	23	48.05
15	24	40.84
15	25	42.99
15	26	34.6
15	27	37.07
15	28	38.23
15	29	20.92
15	30	22.07
15	31	25.0
15	32	24.41
15	33	28.48
15	34	28.96
15	35	29.49
15	36	16.77
15	37	16.98
15	38	20.76
15	39	22.07
15	40	25.38
15	41	12.64
15	42	10.83
15	43	15.12
15	44	18.48
15	45	4.28
15	46	6.71
15	47	7.96
15	48	9.88
15	49	19.25
15	50	22.87
15	51	22.28
15	52	39.33
15	53	38.46
15	54	35.9
15	55	35.9
15	56	38.24
15	57	41.33
15	58	39.04
15	59	38.5
15	60	37.19
15	61	41.3
15	62	38.83
15	63	35.97
15	64	31.68
15	65	33.77
15	66	37.4
15	67	37.64
15	68	36.16
15	69	37.54
15	70	39.12
15	71	38.78
15	72	25.9
15	73	25.68
15	74	26.83
15	75	28.99
15	76	28.19
15	77	28.26
15	78	28.66
15	79	33.68
15	80	35.44
15	81	37.41
15	82	34.53
15	83	46.01
15	84	44.02
15	85	42.08
15	86	36.48
15	87	36.09
15	88	36.06
15	89	40.56
15	90	42.23
15	91	43.53
15	92	51.07
15	93	47.17
15	94	48.43
15	95	49.3
15	96	49.99
15	97	55.13
15	98	58.82
15	99	59.8
15	100	62.73
15	101	62.86
15	102	64.47
15	103	66.09
15	104	69.89
15	105	79.76
15	106	83.01
15	107	99.58
15	108	98.85
15	109	85.39
15	110	85.61
15	111	82.37
15	112	81.87
15	113	79.79
15	114	78.05
15	115	79.06
15	116	73.23
15	117	72.96
15	118	79.11
15	119	77.28
15	120	75.03
15	121	74.07
15	122	74.49
15	123	72.3
15	124	71.57
15	125	68.83
15	126	63.65
15	127	66.62
15	128	66.3
15	129	67.59
15	130	65.67
15	131	63.22
15	132	59.75
15	133	58.97
15	134	55.76
15	135	52.94
15	136	50.8
15	137	55.47
16	1	96.88
16	2	86.44
16	3	87.78
16	4	72.24
16	5	59.9
16	6	50.71
16	7	51.12
16	8	41.45
16	9	43.7
16	10	34.12
16	11	33.81
16	12	15.9
16	13	12.09
16	14	10.02
16	15	8.06
16	17	11.32
16	18	58.91
16	19	53.95
16	20	58.25
16	21	59.28
16	22	55.76
16	23	55.05
16	24	48.33
16	25	49.94
16	26	41.94
16	27	44.04
16	28	44.84
16	29	28.78
16	30	29.77
16	31	32.37
16	32	31.48
16	33	35.16
16	34	35.2
16	35	35.18
16	36	24.23
16	37	24.19
16	38	27.55
16	39	28.25
16	40	30.54
16	41	19.79
16	42	17.14
16	43	21.62
16	44	23.56
16	45	7.98
16	46	11.36
16	47	12.66
16	48	14.85
16	49	22.95
16	50	25.28
16	51	23.79
16	52	45.59
16	53	44.22
16	54	41.44
16	55	40.76
16	56	43.4
16	57	46.51
16	58	43.69
16	59	43.03
16	60	41.55
16	61	45.68
16	62	42.92
16	63	39.63
16	64	35.26
16	65	36.7
16	66	40.33
16	67	40.28
16	68	38.53
16	69	39.54
16	70	40.51
16	71	39.21
16	72	28.46
16	73	27.45
16	74	27.23
16	75	29.47
16	76	27.53
16	77	26.83
16	78	26.25
16	79	30.12
16	80	31.58
16	81	34.06
16	82	32.75
16	83	41.36
16	84	39.76
16	85	38.27
16	86	34.24
16	87	34.92
16	88	35.58
16	89	40.08
16	90	41.43
16	91	43.11
16	92	52.77
16	93	46.96
16	94	48.19
16	95	49.21
16	96	48.84
16	97	54.75
16	98	58.05
16	99	58.28
16	100	61.15
16	101	60.87
16	102	61.87
16	103	63.77
16	104	68.13
16	105	77.98
16	106	81.47
16	107	97.74
16	108	95.99
16	109	82.83
16	110	82.61
16	111	79.22
16	112	78.91
16	113	77.02
16	114	75.63
16	115	77.09
16	116	70.9
16	117	69.8
16	118	75.43
16	119	73.3
16	120	71.07
16	121	69.81
16	122	69.92
16	123	67.66
16	124	66.94
16	125	65.28
16	126	60.19
16	127	62.43
16	128	61.91
16	129	62.24
16	130	59.82
16	131	57.3
16	132	53.99
16	133	53.66
16	134	50.49
16	135	48.08
16	136	47.59
16	137	52.85
17	1	106.73
17	2	96.54
17	3	98.07
17	4	82.56
17	5	70.66
17	6	61.14
17	7	61.73
17	8	52.04
17	9	54.16
17	10	44.71
17	11	43.13
17	12	27.09
17	13	23.08
17	14	21.01
17	15	18.73
17	16	11.32
17	18	69.77
17	19	64.8
17	20	69.45
17	21	70.5
17	22	67.05
17	23	66.36
17	24	59.5
17	25	61.26
17	26	53.17
17	27	55.35
17	28	56.16
17	29	39.64
17	30	40.79
17	31	43.58
17	32	42.77
17	33	46.48
17	34	46.49
17	35	46.38
17	36	35.38
17	37	35.43
17	38	38.86
17	39	39.55
17	40	41.62
17	41	31.03
17	42	28.46
17	43	32.94
17	44	34.7
17	45	19.3
17	46	22.66
17	47	23.94
17	48	26.11
17	49	33.66
17	50	35.29
17	51	33.33
17	52	56.87
17	53	55.39
17	54	52.56
17	55	51.65
17	56	54.38
17	57	57.47
17	58	54.47
17	59	53.75
17	60	52.2
17	61	56.31
17	62	53.43
17	63	49.95
17	64	45.61
17	65	46.65
17	66	50.21
17	67	49.97
17	68	48.08
17	69	48.79
17	70	49.27
17	71	47.17
17	72	38.42
17	73	36.97
17	74	35.76
17	75	37.94
17	76	35.11
17	77	33.72
17	78	32.1
17	79	34.09
17	80	34.98
17	81	38.0
17	82	38.79
17	83	42.78
17	84	41.93
17	85	41.25
17	86	39.64
17	87	41.51
17	88	42.86
17	89	47.14
17	90	48.11
17	91	50.12
17	92	61.5
17	93	54.06
17	94	55.22
17	95	56.37
17	96	54.86
17	97	61.46
17	98	64.26
17	99	63.6
17	100	66.33
17	101	65.54
17	102	65.69
17	103	67.95
17	104	72.94
17	105	82.59
17	106	86.33
17	107	102.05
17	108	98.89
17	109	86.32
17	110	85.48
17	111	81.92
17	112	81.91
17	113	80.31
17	114	79.44
17	115	81.47
17	116	74.91
17	117	72.67
17	118	77.39
17	119	74.8
17	120	72.66
17	121	70.92
17	122	70.49
17	123	68.18
17	124	67.48
17	125	67.64
17	126	62.79
17	127	63.82
17	128	63.0
17	129	61.57
17	130	58.19
17	131	55.57
17	132	52.7
17	133	53.32
17	134	50.33
17	135	48.79
17	136	50.99
17	137	56.9
18	1	41.73
18	2	30.51
18	3	30.6
18	4	16.22
18	5	2.0
18	6	10.73
18	7	8.94
18	8	18.04
18	9	16.51
18	10	25.2
18	11	30.21
18	12	43.15
18	13	46.83
18	14	48.9
18	15	51.07
18	16	58.91
18	17	69.77
18	19	4.97
18	20	9.05
18	21	9.88
18	22	13.93
18	23	15.78
18	24	12.71
18	25	17.37
18	26	18.93
18	27	20.03
18	28	22.5
18	29	30.15
18	30	29.2
18	31	27.34
18	32	29.02
18	33	27.66
18	34	29.72
18	35	32.38
18	36	34.92
18	37	35.3
18	38	33.19
18	39	34.43
18	40	36.72
18	41	39.51
18	42	42.79
18	43	38.79
18	44	40.44
18	45	51.42
18	46	48.69
18	47	47.77
18	48	46.04
18	49	44.26
18	50	47.44
18	51	50.22
18	52	24.92
18	53	29.05
18	54	31.09
18	55	35.3
18	56	33.25
18	57	32.98
18	58	36.4
18	59	37.18
18	60	38.19
18	61	38.27
18	62	39.8
18	63	42.02
18	64	42.37
18	65	45.44
18	66	45.88
18	67	47.39
18	68	48.36
18	69	50.42
18	70	53.71
18	71	57.82
18	72	46.78
18	73	49.47
18	74	54.13
18	75	54.34
18	76	57.82
18	77	60.16
18	78	63.22
18	79	69.49
18	80	71.58
18	81	71.23
18	82	64.21
18	83	82.05
18	84	79.09
18	85	76.03
18	86	66.85
18	87	62.85
18	88	60.24
18	89	62.4
18	90	64.56
18	91	63.64
18	92	57.18
18	93	64.67
18	94	65.56
18	95	65.34
18	96	70.63
18	97	70.26
18	98	74.62
18	99	79.01
18	100	81.44
18	101	83.55
18	102	87.73
18	103	87.58
18	104	87.78
18	105	95.84
18	106	97.21
18	107	112.95
18	108	118.08
18	109	104.71
18	110	107.21
18	111	105.2
18	112	103.76
18	113	101.03
18	114	97.74
18	115	96.27
18	116	93.33
18	117	97.25
18	118	105.09
18	119	105.06
18	120	103.0
18	121	103.66
18	122	105.53
18	123	103.89
18	124	103.25
18	125	95.78
18	126	91.15
18	127	96.95
18	128	97.57
18	129	103.11
18	130	103.69
18	131	101.84
18	132	98.08
18	133	95.4
18	134	92.51
18	135	88.47
18	136	80.07
18	137	80.97
19	1	45.88
19	2	34.71
19	3	35.1
19	4	20.17
19	5	6.1
19	6	7.13
19	7	4.83
19	8	13.15
19	9	11.81
19	10	20.25
19	11	25.64
19	12	38.21
19	13	41.87
19	14	43.94
19	15	46.1
19	16	53.95
19	17	64.8
19	18	4.97
19	20	9.92
19	21	11.11
19	22	13.4
19	23	14.97
19	24	8.98
19	25	15.05
19	26	14.59
19	27	16.43
19	28	19.34
19	29	25.19
19	30	24.26
19	31	22.54
19	32	24.31
19	33	23.31
19	34	25.56
19	35	28.4
19	36	30.0
19	37	30.42
19	38	28.44
19	39	29.86
19	40	32.48
19	41	34.59
19	42	37.91
19	43	33.96
19	44	35.83
19	45	46.48
19	46	43.78
19	47	42.88
19	48	41.18
19	49	39.74
19	50	43.11
19	51	45.84
19	52	22.06
19	53	26.12
19	54	27.83
19	55	32.05
19	56	30.29
19	57	30.43
19	58	33.5
19	59	34.21
19	60	35.06
19	61	35.59
19	62	36.81
19	63	38.7
19	64	38.67
19	65	41.87
19	66	42.6
19	67	44.1
19	68	44.92
19	69	47.03
19	70	50.33
19	71	54.26
19	72	42.63
19	73	45.28
19	74	49.92
19	75	50.25
19	76	53.6
19	77	55.88
19	78	58.87
19	79	65.18
19	80	67.28
19	81	67.06
19	82	60.15
19	83	77.87
19	84	74.94
19	85	71.91
19	86	62.8
19	87	58.92
19	88	56.41
19	89	58.78
19	90	60.97
19	91	60.18
19	92	54.66
19	93	61.44
19	94	62.38
19	95	62.24
19	96	67.3
19	97	67.36
19	98	71.75
19	99	75.95
19	100	78.47
19	101	80.45
19	102	84.5
19	103	84.48
19	104	84.97
19	105	93.28
19	106	94.83
19	107	110.8
19	108	115.46
19	109	101.97
19	110	104.31
19	111	102.19
19	112	100.8
19	113	98.11
19	114	94.9
19	115	93.62
19	116	90.41
19	117	94.05
19	118	101.83
19	119	101.65
19	120	99.56
19	121	100.11
19	122	101.89
19	123	100.2
19	124	99.55
19	125	92.36
19	126	87.64
19	127	93.3
19	128	93.85
19	129	99.13
19	130	99.55
19	131	97.65
19	132	93.88
19	133	91.31
19	134	88.38
19	135	84.39
19	136	76.3
19	137	77.48
20	1	48.1
20	2	36.97
20	3	36.27
20	4	23.71
20	5	10.95
20	6	16.99
20	7	14.61
20	8	20.68
20	9	20.27
20	10	26.67
20	11	33.83
20	12	42.37
20	13	46.4
20	14	48.46
20	15	50.82
20	16	58.25
20	17	69.45
20	18	9.05
20	19	9.92
20	21	1.28
20	22	5.35
20	23	7.26
20	24	10.0
20	25	10.55
20	26	16.33
20	27	15.26
20	28	16.52
20	29	30.35
20	30	28.85
20	31	25.88
20	32	26.92
20	33	24.18
20	34	25.51
20	35	27.55
20	36	34.07
20	37	34.07
20	38	31.05
20	39	31.44
20	40	32.44
20	41	38.46
20	42	41.34
20	43	37.0
20	44	37.39
20	45	50.41
20	46	47.34
20	47	46.25
20	48	44.29
20	49	40.72
20	50	43.15
20	51	46.05
20	52	18.22
20	53	22.25
20	54	24.77
20	55	28.79
20	56	26.33
20	57	25.49
20	58	29.3
20	59	30.18
20	60	31.41
20	61	30.82
20	62	32.76
20	63	35.46
20	64	36.54
20	65	39.29
20	66	39.18
20	67	40.71
20	68	41.92
20	69	43.86
20	70	47.08
20	71	51.46
20	72	41.96
20	73	44.72
20	74	49.34
20	75	49.22
20	76	53.03
20	77	55.51
20	78	58.76
20	79	64.85
20	80	66.89
20	81	66.19
20	82	58.93
20	83	76.92
20	84	73.9
20	85	70.78
20	86	61.51
20	87	57.22
20	88	54.43
20	89	56.11
20	90	58.21
20	91	57.05
20	92	49.31
20	93	57.7
20	94	58.5
20	95	58.17
20	96	63.77
20	97	62.79
20	98	67.07
20	99	71.69
20	100	74.01
20	101	76.28
20	102	80.65
20	103	80.3
20	104	80.12
20	105	87.86
20	106	89.06
20	107	104.58
20	108	110.13
20	109	96.91
20	110	99.61
20	111	97.75
20	112	96.23
20	113	93.48
20	114	90.07
20	115	88.39
20	116	85.79
20	117	90.09
20	118	98.0
20	119	98.18
20	120	96.18
20	121	97.04
20	122	99.08
20	123	97.55
20	124	96.93
20	125	88.97
20	126	84.51
20	127	90.56
20	128	91.3
20	129	97.38
20	130	98.38
20	131	96.67
20	132	92.92
20	133	89.97
20	134	87.2
20	135	83.07
20	136	73.98
20	137	74.35
21	1	48.03
21	2	36.95
21	3	36.11
21	4	23.96
21	5	11.71
21	6	18.21
21	7	15.83
21	8	21.95
21	9	21.55
21	10	27.89
21	11	35.1
21	12	43.41
21	13	47.46
21	14	49.52
21	15	51.89
21	16	59.28
21	17	70.5
21	18	9.88
21	19	11.11
21	20	1.28
21	22	5.35
21	23	7.21
21	24	11.12
21	25	11.03
21	26	17.34
21	27	16.03
21	28	17.05
21	29	31.49
21	30	29.97
21	31	26.92
21	32	27.9
21	33	25.02
21	34	26.24
21	35	28.19
21	36	35.13
21	37	35.09
21	38	32.0
21	39	32.3
21	40	33.13
21	41	39.49
21	42	42.33
21	43	37.96
21	44	38.22
21	45	51.42
21	46	48.32
21	47	47.22
21	48	45.24
21	49	41.48
21	50	43.8
21	51	46.71
21	52	18.57
21	53	22.54
21	54	25.14
21	55	29.11
21	56	26.56
21	57	25.58
21	58	29.47
21	59	30.37
21	60	31.65
21	61	30.9
21	62	32.93
21	63	35.74
21	64	36.96
21	65	39.64
21	66	39.41
21	67	40.94
21	68	42.2
21	69	44.11
21	70	47.31
21	71	51.74
21	72	42.53
21	73	45.3
21	74	49.91
21	75	49.73
21	76	53.58
21	77	56.09
21	78	59.36
21	79	65.41
21	80	67.45
21	81	66.68
21	82	59.39
21	83	77.39
21	84	74.37
21	85	71.24
21	86	61.96
21	87	57.63
21	88	54.81
21	89	56.39
21	90	58.47
21	91	57.27
21	92	49.22
21	93	57.84
21	94	58.61
21	95	58.25
21	96	63.92
21	97	62.79
21	98	67.05
21	99	71.73
21	100	74.01
21	101	76.32
21	102	80.74
21	103	80.34
21	104	80.06
21	105	87.71
21	106	88.85
21	107	104.28
21	108	109.97
21	109	96.8
21	110	99.55
21	111	97.74
21	112	96.19
21	113	93.44
21	114	90.01
21	115	88.26
21	116	85.75
21	117	90.16
21	118	98.07
21	119	98.31
21	120	96.32
21	121	97.23
21	122	99.29
21	123	97.79
21	124	97.17
21	125	89.11
21	126	84.69
21	127	90.8
21	128	91.55
21	129	97.73
21	130	98.81
21	131	97.12
21	132	93.38
21	133	90.38
21	134	87.63
21	135	83.49
21	136	74.28
21	137	74.54
22	1	53.36
22	2	42.27
22	3	41.46
22	4	29.05
22	5	15.91
22	6	19.9
22	7	17.49
22	8	21.27
22	9	21.54
22	10	26.15
22	11	34.28
22	12	40.03
22	13	44.18
22	14	46.21
22	15	48.63
22	16	55.76
22	17	67.05
22	18	13.93
22	19	13.4
22	20	5.35
22	21	5.35
22	23	1.92
22	24	9.23
22	25	6.15
22	26	14.21
22	27	11.79
22	28	12.14
22	29	28.9
22	30	27.16
22	31	23.68
22	32	24.29
22	33	20.87
22	34	21.73
22	35	23.38
22	36	31.89
22	37	31.67
22	38	28.24
22	39	28.14
22	40	28.43
22	41	36.06
22	42	38.66
22	43	34.21
22	44	33.92
22	45	47.81
22	46	44.6
22	47	43.43
22	48	41.39
22	49	36.95
22	50	38.98
22	51	41.91
22	52	13.35
22	53	17.25
22	54	19.93
22	55	23.82
22	56	21.23
22	57	20.23
22	58	24.13
22	59	25.02
22	60	26.32
22	61	25.55
22	62	27.58
22	63	30.42
22	64	31.77
22	65	34.38
22	66	34.08
22	67	35.6
22	68	36.89
22	69	38.78
22	70	41.97
22	71	46.43
22	72	37.56
22	73	40.33
22	74	44.9
22	75	44.65
22	76	48.56
22	77	51.1
22	78	54.41
22	79	60.39
22	80	62.41
22	81	61.56
22	82	54.24
22	83	72.23
22	84	69.2
22	85	66.07
22	86	56.79
22	87	52.41
22	88	49.56
22	89	51.08
22	90	53.15
22	91	51.93
22	92	43.97
22	93	52.49
22	94	53.26
22	95	52.91
22	96	58.57
22	97	57.48
22	98	61.74
22	99	66.4
22	100	68.7
22	101	70.99
22	102	75.39
22	103	75.01
22	104	74.78
22	105	82.52
22	106	83.73
22	107	99.28
22	108	104.78
22	109	91.57
22	110	94.27
22	111	92.43
22	112	90.9
22	113	88.15
22	114	84.74
22	115	83.04
22	116	80.46
22	117	84.82
22	118	92.73
22	119	92.96
22	120	90.97
22	121	91.88
22	122	93.95
22	123	92.45
22	124	91.84
22	125	83.76
22	126	79.34
22	127	85.46
22	128	86.22
22	129	92.45
22	130	93.59
22	131	91.94
22	132	88.2
22	133	85.16
22	134	82.43
22	135	78.27
22	136	68.97
22	137	69.19
23	1	55.24
23	2	44.15
23	3	43.31
23	4	30.97
23	5	17.77
23	6	21.24
23	7	18.85
23	8	21.88
23	9	22.37
23	10	26.31
23	11	34.73
23	12	39.41
23	13	43.6
23	14	45.61
23	15	48.05
23	16	55.05
23	17	66.36
23	18	15.78
23	19	14.97
23	20	7.26
23	21	7.21
23	22	1.92
23	24	9.77
23	25	5.11
23	26	13.96
23	27	11.01
23	28	10.84
23	29	28.7
23	30	26.87
23	31	23.22
23	32	23.65
23	33	19.97
23	34	20.61
23	35	22.07
23	36	31.38
23	37	31.07
23	38	27.49
23	39	27.19
23	40	27.17
23	41	35.43
23	42	37.91
23	43	33.44
23	44	32.88
23	45	47.08
23	46	43.82
23	47	42.62
23	48	40.54
23	49	35.76
23	50	37.62
23	51	40.56
23	52	11.76
23	53	15.55
23	54	18.3
23	55	22.12
23	56	19.47
23	57	18.38
23	58	22.32
23	59	23.23
23	60	24.56
23	61	23.69
23	62	25.77
23	63	28.68
23	64	30.15
23	65	32.68
23	66	32.3
23	67	33.82
23	68	35.14
23	69	37.01
23	70	40.18
23	71	44.67
23	72	36.1
23	73	38.87
23	74	43.41
23	75	43.1
23	76	47.06
23	77	49.61
23	78	52.95
23	79	58.88
23	80	60.88
23	81	59.98
23	82	52.63
23	83	70.62
23	84	67.59
23	85	64.45
23	86	55.16
23	87	50.75
23	88	47.88
23	89	49.32
23	90	51.38
23	91	50.13
23	92	42.05
23	93	50.64
23	94	51.41
23	95	51.04
23	96	56.73
23	97	55.58
23	98	59.85
23	99	64.52
23	100	66.8
23	101	69.11
23	102	73.53
23	103	73.13
23	104	72.88
23	105	80.6
23	106	81.81
23	107	97.36
23	108	102.86
23	109	89.65
23	110	92.37
23	111	90.54
23	112	89.0
23	113	86.25
23	114	82.83
23	115	81.13
23	116	78.56
23	117	82.94
23	118	90.86
23	119	91.11
23	120	89.12
23	121	90.05
23	122	92.14
23	123	90.65
23	124	90.05
23	125	81.92
23	126	77.52
23	127	83.66
23	128	84.44
23	129	90.74
23	130	91.93
23	131	90.3
23	132	86.57
23	133	83.49
23	134	80.78
23	135	76.61
23	136	67.22
23	137	67.38
24	1	54.43
24	2	43.21
24	3	43.26
24	4	28.84
24	5	14.45
24	6	12.99
24	7	10.87
24	8	12.12
24	9	12.7
24	10	17.05
24	11	25.06
24	12	32.43
24	13	36.43
24	14	38.5
24	15	40.84
24	16	48.33
24	17	59.5
24	18	12.71
24	19	8.98
24	20	10.0
24	21	11.12
24	22	9.23
24	23	9.77
24	25	7.21
24	26	6.6
24	27	7.46
24	28	10.42
24	29	20.38
24	30	18.86
24	31	15.98
24	32	17.2
24	33	15.12
24	34	17.04
24	35	19.67
24	36	24.12
24	37	24.17
24	38	21.38
24	39	22.16
24	40	24.06
24	41	28.55
24	42	31.53
24	43	27.26
24	44	28.19
24	45	40.53
24	46	37.52
24	47	36.47
24	48	34.57
24	49	31.83
24	50	34.81
24	51	37.62
24	52	13.26
24	53	17.24
24	54	18.85
24	55	23.08
24	56	21.38
24	57	21.72
24	58	24.6
24	59	25.28
24	60	26.09
24	61	26.78
24	62	27.87
24	63	29.72
24	64	29.77
24	65	32.93
24	66	33.62
24	67	35.12
24	68	35.95
24	69	38.05
24	70	41.35
24	71	45.32
24	72	34.08
24	73	36.78
24	74	41.44
24	75	41.63
24	76	45.13
24	77	47.49
24	78	50.58
24	79	56.83
24	80	58.92
24	81	58.53
24	82	51.51
24	83	69.35
24	84	66.38
24	85	63.32
24	86	54.15
24	87	50.16
24	88	47.59
24	89	49.86
24	90	52.04
24	91	51.22
24	92	45.87
24	93	52.46
24	94	53.4
24	95	53.27
24	96	58.33
24	97	58.41
24	98	62.81
24	99	66.98
24	100	69.5
24	101	71.48
24	102	75.51
24	103	75.5
24	104	76.04
24	105	84.43
24	106	86.05
24	107	102.13
24	108	106.58
24	109	93.06
24	110	95.36
24	111	93.22
24	112	91.84
24	113	89.15
24	114	85.96
24	115	84.73
24	116	81.46
24	117	85.06
24	118	92.85
24	119	92.69
24	120	90.6
24	121	91.18
24	122	92.98
24	123	91.32
24	124	90.67
24	125	83.4
24	126	78.69
24	127	84.4
24	128	84.98
24	129	90.42
24	130	90.99
24	131	89.14
24	132	85.38
24	133	82.69
24	134	79.8
24	135	75.77
24	136	67.45
24	137	68.53
25	1	58.39
25	2	47.2
25	3	46.7
25	4	33.4
25	5	19.34
25	6	20.1
25	7	17.87
25	8	18.63
25	9	19.64
25	10	22.1
25	11	30.93
25	12	34.34
25	13	38.54
25	14	40.54
25	15	42.99
25	16	49.94
25	17	61.26
25	18	17.37
25	19	15.05
25	20	10.55
25	21	11.03
25	22	6.15
25	23	5.11
25	24	7.21
25	26	9.35
25	27	5.92
25	28	6.04
25	29	23.95
25	30	22.05
25	31	18.27
25	32	18.59
25	33	14.87
25	34	15.59
25	35	17.26
25	36	26.37
25	37	26.02
25	38	22.39
25	39	22.09
25	40	22.29
25	41	30.36
25	42	32.8
25	43	28.34
25	44	27.82
25	45	41.97
25	46	38.71
