param n := 96;
param deposito := 95;
param numero_clusters := 20;
param factor := 1;

set Np[1]:= 95  ;
set Np[2]:= 2 3 4 5 6 7 8  ;
set Np[3]:= 80  ;
set Np[4]:= 21 22 23 24 26 27 28  ;
set Np[5]:= 56 57 69 70  ;
set Np[6]:= 78 84 85 86 87 88 89 90 91  ;
set Np[7]:= 32 34 35 36 37 38  ;
set Np[8]:= 9 10 12 13 14 15 16  ;
set Np[9]:= 64 65 66 67 68  ;
set Np[10]:= 25 46 47 48 53  ;
set Np[11]:= 79  ;
set Np[12]:= 71 72 73 74 75 76 77  ;
set Np[13]:= 94 96  ;
set Np[14]:= 1 29 30 31  ;
set Np[15]:= 54 58 59 60 61 62 63  ;
set Np[16]:= 81 82 83  ;
set Np[17]:= 17 18 19 20  ;
set Np[18]:= 39 40 41 42 43 44 45 49 50 51 52 55  ;
set Np[19]:= 92 93  ;
set Np[20]:= 11 33  ;


param c:=
1	2	15.74
1	3	19.07
1	4	22.75
1	5	24.69
1	6	25.72
1	7	27.05
1	8	27.51
1	9	30.98
1	10	34.27
1	11	29.71
1	12	36.75
1	13	39.97
1	14	39.19
1	15	40.62
1	16	46.76
1	17	55.39
1	18	57.92
1	19	57.63
1	20	56.62
1	21	56.64
1	22	60.64
1	23	55.64
1	24	53.46
1	25	48.53
1	26	61.84
1	27	62.06
1	28	66.48
1	29	8.5
1	30	6.05
1	31	7.04
1	32	8.52
1	33	20.39
1	34	15.46
1	35	14.78
1	36	11.18
1	37	11.93
1	38	15.33
1	39	21.44
1	40	23.42
1	41	24.95
1	42	25.87
1	43	26.98
1	44	22.12
1	45	25.41
1	46	31.71
1	47	36.54
1	48	38.42
1	49	27.81
1	50	31.68
1	51	33.03
1	52	33.66
1	53	36.33
1	54	42.92
1	55	35.59
1	56	42.79
1	57	42.81
1	58	43.94
1	59	49.79
1	60	50.48
1	61	55.46
1	62	55.73
1	63	57.39
1	64	61.83
1	65	69.65
1	66	65.4
1	67	65.75
1	68	65.92
1	69	43.12
1	70	47.25
1	71	56.86
1	72	58.11
1	73	59.48
1	74	62.21
1	75	63.09
1	76	65.58
1	77	67.1
1	78	68.62
1	79	35.03
1	80	52.86
1	81	52.86
1	82	54.69
1	83	56.13
1	84	62.52
1	85	65.14
1	86	65.49
1	87	65.92
1	88	69.62
1	89	69.63
1	90	68.48
1	91	63.55
1	92	76.66
1	93	77.99
1	94	77.24
1	95	87.74
1	96	80.83
2	1	15.74
2	3	4.51
2	4	7.96
2	5	9.52
2	6	10.57
2	7	12.24
2	8	12.28
2	9	16.54
2	10	20.11
2	11	21.26
2	12	23.1
2	13	26.71
2	14	26.48
2	15	28.7
2	16	35.51
2	17	44.88
2	18	47.52
2	19	47.59
2	20	46.43
2	21	47.94
2	22	53.1
2	23	49.23
2	24	47.77
2	25	43.03
2	26	55.29
2	27	57.02
2	28	60.67
2	29	10.01
2	30	13.81
2	31	14.82
2	32	16.55
2	33	16.86
2	34	17.26
2	35	18.83
2	36	18.84
2	37	19.87
2	38	22.39
2	39	25.47
2	40	25.72
2	41	27.29
2	42	27.41
2	43	28.0
2	44	21.09
2	45	22.74
2	46	28.5
2	47	32.82
2	48	34.23
2	49	28.57
2	50	31.33
2	51	35.3
2	52	34.17
2	53	36.15
2	54	41.19
2	55	37.08
2	56	44.3
2	57	44.33
2	58	43.6
2	59	50.34
2	60	48.99
2	61	54.37
2	62	54.11
2	63	55.06
2	64	59.42
2	65	65.81
2	66	63.37
2	67	64.19
2	68	64.45
2	69	46.27
2	70	50.83
2	71	58.01
2	72	59.37
2	73	61.32
2	74	64.96
2	75	64.94
2	76	66.47
2	77	68.83
2	78	71.71
2	79	44.72
2	80	65.28
2	81	58.64
2	82	59.86
2	83	62.32
2	84	66.49
2	85	68.86
2	86	69.34
2	87	70.54
2	88	73.6
2	89	74.56
2	90	73.83
2	91	70.11
2	92	77.89
2	93	78.01
2	94	75.94
2	95	87.07
2	96	77.61
3	1	19.07
3	2	4.51
3	4	8.6
3	5	9.25
3	6	10.16
3	7	12.09
3	8	11.52
3	9	16.4
3	10	19.99
3	11	23.95
3	12	23.23
3	13	26.96
3	14	27.08
3	15	29.65
3	16	36.58
3	17	46.1
3	18	48.74
3	19	48.95
3	20	47.75
3	21	49.77
3	22	55.23
3	23	51.74
3	24	50.49
3	25	45.87
3	26	57.69
3	27	59.8
3	28	63.23
3	29	14.35
3	30	17.99
3	31	19.1
3	32	20.9
3	33	20.89
3	34	21.74
3	35	23.34
3	36	23.28
3	37	24.32
3	38	26.89
3	39	29.93
3	40	30.09
3	41	31.64
3	42	31.68
3	43	32.22
3	44	25.27
3	45	26.65
3	46	32.13
3	47	36.25
3	48	37.54
3	49	32.76
3	50	35.34
3	51	39.54
3	52	38.24
3	53	40.11
3	54	44.84
3	55	41.23
3	56	48.38
3	57	48.4
3	58	47.43
3	59	54.25
3	60	52.58
3	61	57.98
3	62	57.64
3	63	58.45
3	64	62.75
3	65	68.81
3	66	66.75
3	67	67.66
3	68	67.92
3	69	50.5
3	70	55.08
3	71	61.94
3	72	63.31
3	73	65.33
3	74	69.06
3	75	68.93
3	76	70.33
3	77	72.78
3	78	75.83
3	79	49.22
3	80	69.66
3	81	63.04
3	82	64.21
3	83	66.74
3	84	70.72
3	85	73.06
3	86	73.55
3	87	74.82
3	88	77.81
3	89	78.86
3	90	78.16
3	91	74.53
3	92	81.75
3	93	81.67
3	94	79.38
3	95	90.59
3	96	80.67
4	1	22.75
4	2	7.96
4	3	8.6
4	5	2.11
4	6	3.03
4	7	4.35
4	8	4.83
4	9	8.59
4	10	12.15
4	11	15.96
4	12	15.16
4	13	18.81
4	14	18.71
4	15	21.14
4	16	28.05
4	17	37.54
4	18	40.18
4	19	40.37
4	20	39.17
4	21	41.19
4	22	46.71
4	23	43.39
4	24	42.28
4	25	37.77
4	26	49.26
4	27	51.61
4	28	54.87
4	29	15.32
4	30	19.34
4	31	19.95
4	32	21.19
4	33	15.73
4	34	18.99
4	35	21.18
4	36	22.73
4	37	23.65
4	38	25.32
4	39	26.49
4	40	25.84
4	41	27.21
4	42	26.9
4	43	27.15
4	44	20.29
4	45	20.69
4	46	25.32
4	47	28.98
4	48	30.05
4	49	27.51
4	50	29.39
4	51	34.36
4	52	32.42
4	53	33.9
4	54	37.84
4	55	35.62
4	56	42.43
4	57	42.45
4	58	40.82
4	59	47.73
4	60	45.42
4	61	50.82
4	62	50.33
4	63	50.92
4	64	55.13
4	65	60.77
4	66	59.17
4	67	60.2
4	68	60.48
4	69	45.12
4	70	49.71
4	71	55.45
4	72	56.83
4	73	59.01
4	74	63.02
4	75	62.55
4	76	63.59
4	77	66.3
4	78	69.8
4	79	47.02
4	80	68.66
4	81	58.4
4	82	59.28
4	83	62.21
4	84	65.14
4	85	67.33
4	86	67.87
4	87	69.43
4	88	72.11
4	89	73.54
4	90	73.04
4	91	70.02
4	92	74.98
4	93	74.51
4	94	71.86
4	95	83.15
4	96	72.68
5	1	24.69
5	2	9.52
5	3	9.25
5	4	2.11
5	6	1.05
5	7	2.86
5	8	2.82
5	9	7.21
5	10	10.83
5	11	16.65
5	12	14.01
5	13	17.73
5	14	17.84
5	15	20.48
5	16	27.42
5	17	36.96
5	18	39.59
5	19	39.86
5	20	38.65
5	21	40.96
5	22	46.65
5	23	43.58
5	24	42.61
5	25	38.22
5	26	49.35
5	27	51.93
5	28	55.04
5	29	17.39
5	30	21.42
5	31	22.05
5	32	23.3
5	33	17.48
5	34	21.01
5	35	23.23
5	36	24.84
5	37	25.75
5	38	27.39
5	39	28.4
5	40	27.64
5	41	28.97
5	42	28.6
5	43	28.79
5	44	22.01
5	45	22.18
5	46	26.5
5	47	29.95
5	48	30.91
5	49	29.11
5	50	30.81
5	51	35.94
5	52	33.86
5	53	35.22
5	54	38.88
5	55	37.09
5	56	43.79
5	57	43.81
5	58	41.99
5	59	48.91
5	60	46.36
5	61	51.75
5	62	51.19
5	63	51.68
5	64	55.82
5	65	61.21
5	66	59.88
5	67	60.98
5	68	61.27
5	69	46.61
5	70	51.2
5	71	56.62
5	72	58.0
5	73	60.23
5	74	64.31
5	75	63.74
5	76	64.66
5	77	67.45
5	78	71.09
5	79	49.0
5	80	70.71
5	81	60.02
5	82	60.84
5	83	63.85
5	84	66.54
5	85	68.69
5	86	69.24
5	87	70.88
5	88	73.48
5	89	75.0
5	90	74.55
5	91	71.66
5	92	76.02
5	93	75.4
5	94	72.59
5	95	83.91
5	96	73.13
6	1	25.72
6	2	10.57
6	3	10.16
6	4	3.03
6	5	1.05
6	7	1.94
6	8	1.8
6	9	6.24
6	10	9.85
6	11	16.46
6	12	13.07
6	13	16.8
6	14	16.98
6	15	19.68
6	16	26.62
6	17	36.17
6	18	38.8
6	19	39.09
6	20	37.87
6	21	40.29
6	22	46.04
6	23	43.08
6	24	42.19
6	25	37.84
6	26	48.81
6	27	51.5
6	28	54.53
6	29	18.35
6	30	22.37
6	31	22.97
6	32	24.18
6	33	17.91
6	34	21.68
6	35	23.94
6	36	25.66
6	37	26.56
6	38	28.12
6	39	28.94
6	40	28.09
6	41	29.39
6	42	28.97
6	43	29.12
6	44	22.41
6	45	22.42
6	46	26.54
6	47	29.85
6	48	30.75
6	49	29.41
6	50	30.98
6	51	36.21
6	52	34.04
6	53	35.32
6	54	38.81
6	55	37.29
6	56	43.91
6	57	43.93
6	58	41.99
6	59	48.91
6	60	46.23
6	61	51.62
6	62	51.02
6	63	51.45
6	64	55.56
6	65	60.82
6	66	59.63
6	67	60.75
6	68	61.05
6	69	46.82
6	70	51.4
6	71	56.61
6	72	57.99
6	73	60.25
6	74	64.37
6	75	63.75
6	76	64.59
6	77	67.43
6	78	71.15
6	79	49.6
6	80	71.41
6	81	60.32
6	82	61.09
6	83	64.15
6	84	66.68
6	85	68.81
6	86	69.36
6	87	71.05
6	88	73.59
6	89	75.18
6	90	74.75
6	91	71.95
6	92	75.94
6	93	75.23
6	94	72.34
6	95	83.67
6	96	72.74
7	1	27.05
7	2	12.24
7	3	12.09
7	4	4.35
7	5	2.86
7	6	1.94
7	8	1.68
7	9	4.36
7	10	7.98
7	11	15.15
7	12	11.15
7	13	14.88
7	14	15.04
7	15	17.74
7	16	24.69
7	17	34.24
7	18	36.86
7	19	37.17
7	20	35.95
7	21	38.42
7	22	44.22
7	23	41.35
7	24	40.53
7	25	36.25
7	26	47.04
7	27	49.82
7	28	52.79
7	29	19.41
7	30	23.39
7	31	23.9
7	32	24.99
7	33	17.66
7	34	21.93
7	35	24.26
7	36	26.28
7	37	27.14
7	38	28.49
7	39	28.87
7	40	27.83
7	41	29.06
7	42	28.54
7	43	28.61
7	44	22.07
7	45	21.78
7	46	25.53
7	47	28.64
7	48	29.45
7	49	28.86
7	50	30.2
7	51	35.6
7	52	33.26
7	53	34.41
7	54	37.62
7	55	36.54
7	56	43.01
7	57	43.03
7	58	40.91
7	59	47.82
7	60	44.95
7	61	50.31
7	62	49.67
7	63	50.02
7	64	54.1
7	65	59.19
7	66	58.17
7	67	59.33
7	68	59.63
7	69	46.07
7	70	50.63
7	71	55.5
7	72	56.88
7	73	59.18
7	74	63.37
7	75	62.65
7	76	63.39
7	77	66.29
7	78	70.13
7	79	49.63
7	80	71.62
7	81	59.7
7	82	60.4
7	83	63.55
7	84	65.8
7	85	67.88
7	86	68.45
7	87	70.21
7	88	72.66
7	89	74.35
7	90	73.97
7	91	71.34
7	92	74.7
7	93	73.88
7	94	70.88
7	95	82.22
7	96	71.12
8	1	27.51
8	2	12.28
8	3	11.52
8	4	4.83
8	5	2.82
8	6	1.8
8	7	1.68
8	9	5.02
8	10	8.54
8	11	16.81
8	12	11.84
8	13	15.59
8	14	15.94
8	15	18.79
8	16	25.72
8	17	35.26
8	18	37.88
8	19	38.24
8	20	37.0
8	21	39.66
8	22	45.54
8	23	42.79
8	24	42.03
8	25	37.79
8	26	48.43
8	27	51.31
8	28	54.2
8	29	20.15
8	30	24.16
8	31	24.75
8	32	25.93
8	33	19.18
8	34	23.23
8	35	25.52
8	36	27.36
8	37	28.25
8	38	29.73
8	39	30.32
8	40	29.36
8	41	30.62
8	42	30.13
8	43	30.22
8	44	23.63
8	45	23.41
8	46	27.21
8	47	30.31
8	48	31.1
8	49	30.48
8	50	31.86
8	51	37.23
8	52	34.92
8	53	36.09
8	54	39.29
8	55	38.2
8	56	44.68
8	57	44.7
8	58	42.58
8	59	49.5
8	60	46.61
8	61	51.97
8	62	51.31
8	63	51.64
8	64	55.7
8	65	60.71
8	66	59.77
8	67	60.95
8	68	61.25
8	69	47.73
8	70	52.29
8	71	57.18
8	72	58.56
8	73	60.86
8	74	65.05
8	75	64.32
8	76	65.05
8	77	67.97
8	78	71.81
8	79	51.05
8	80	72.95
8	81	61.34
8	82	62.05
8	83	65.18
8	84	67.47
8	85	69.56
8	86	70.12
8	87	71.88
8	88	74.33
8	89	76.02
8	90	75.64
8	91	72.98
8	92	76.36
8	93	75.52
8	94	72.48
8	95	83.83
8	96	72.63
9	1	30.98
9	2	16.54
9	3	16.4
9	4	8.59
9	5	7.21
9	6	6.24
9	7	4.36
9	8	5.02
9	10	3.61
9	11	14.09
9	12	6.85
9	13	10.59
9	14	10.93
9	15	13.84
9	16	20.74
9	17	30.28
9	18	32.89
9	19	33.28
9	20	32.04
9	21	34.87
9	22	40.86
9	23	38.41
9	24	37.84
9	25	33.82
9	26	43.9
9	27	47.05
9	28	49.73
9	29	23.04
9	30	26.94
9	31	27.3
9	32	28.19
9	33	19.14
9	34	24.25
9	35	26.68
9	36	29.18
9	37	29.96
9	38	30.93
9	39	30.45
9	40	29.03
9	41	30.1
9	42	29.39
9	43	29.27
9	44	23.23
9	45	22.26
9	46	25.0
9	47	27.48
9	48	28.01
9	49	29.39
9	50	30.16
9	51	35.89
9	52	33.2
9	53	34.0
9	54	36.42
9	55	36.51
9	56	42.55
9	57	42.57
9	58	39.98
9	59	46.83
9	60	43.44
9	61	48.72
9	62	47.93
9	63	48.06
9	64	51.99
9	65	56.56
9	66	56.07
9	67	57.34
9	68	57.66
9	69	45.96
9	70	50.44
9	71	54.41
9	72	55.79
9	73	58.19
9	74	62.54
9	75	61.57
9	76	62.02
9	77	65.1
9	78	69.26
9	79	51.24
9	80	73.54
9	81	59.86
9	82	60.36
9	83	63.73
9	84	65.27
9	85	67.23
9	86	67.83
9	87	69.78
9	88	71.99
9	89	73.93
9	90	73.69
9	91	71.46
9	92	73.21
9	93	72.06
9	94	68.74
9	95	80.1
9	96	68.46
10	1	34.27
10	2	20.11
10	3	19.99
10	4	12.15
10	5	10.83
10	6	9.85
10	7	7.98
10	8	8.54
10	9	3.61
10	11	14.09
10	12	3.35
10	13	7.08
10	14	7.7
10	15	10.82
10	16	17.57
10	17	27.04
10	18	29.63
10	19	30.1
10	20	28.85
10	21	32.01
10	22	38.16
10	23	36.1
10	24	35.78
10	25	32.02
10	26	41.38
10	27	44.86
10	28	47.28
10	29	26.17
10	30	29.98
10	31	30.25
10	32	31.0
10	33	20.9
10	34	26.49
10	35	28.94
10	36	31.76
10	37	32.49
10	38	33.16
10	39	32.06
10	40	30.38
10	41	31.3
10	42	30.45
10	43	30.19
10	44	24.64
10	45	23.18
10	46	25.03
10	47	26.91
10	48	27.19
10	49	30.2
10	50	30.5
10	51	36.43
10	52	33.47
10	53	33.97
10	54	35.7
10	55	36.77
10	56	42.4
10	57	42.43
10	58	39.45
10	59	46.2
10	60	42.38
10	61	47.56
10	62	46.65
10	63	46.58
10	64	50.36
10	65	54.46
10	66	54.43
10	67	55.8
10	68	56.13
10	69	46.07
10	70	50.47
10	71	53.66
10	72	55.02
10	73	57.51
10	74	61.97
10	75	60.8
10	76	60.99
10	77	64.21
10	78	68.63
10	79	52.72
10	80	75.2
10	81	60.13
10	82	60.46
10	83	64.0
10	84	64.95
10	85	66.8
10	86	67.41
10	87	69.52
10	88	71.53
10	89	73.67
10	90	73.54
10	91	71.65
10	92	72.05
10	93	70.63
10	94	67.04
10	95	78.39
10	96	66.32
11	1	29.71
11	2	21.26
11	3	23.95
11	4	15.96
11	5	16.65
11	6	16.46
11	7	15.15
11	8	16.81
11	9	14.09
11	10	14.09
11	12	13.7
11	13	14.73
11	14	12.95
11	15	12.67
11	16	17.54
11	17	25.71
11	18	28.22
11	19	27.93
11	20	26.91
11	21	27.27
11	22	32.0
11	23	27.96
11	24	26.57
11	25	21.92
11	26	34.04
11	27	35.86
11	28	39.41
11	29	21.35
11	30	23.99
11	31	23.59
11	32	23.42
11	33	10.31
11	34	16.74
11	35	19.02
11	36	22.94
11	37	23.32
11	38	22.74
11	39	19.71
11	40	17.47
11	41	18.07
11	42	17.0
11	43	16.53
11	44	12.27
11	45	9.8
11	46	10.98
11	47	13.53
11	48	14.31
11	49	16.42
11	50	16.41
11	51	22.39
11	52	19.37
11	53	19.97
11	54	22.51
11	55	22.68
11	56	28.48
11	57	28.51
11	58	25.93
11	59	32.82
11	60	29.81
11	61	35.18
11	62	34.56
11	63	35.02
11	64	39.19
11	65	44.88
11	66	43.24
11	67	44.32
11	68	44.62
11	69	32.01
11	70	36.45
11	71	40.45
11	72	41.83
11	73	44.19
11	74	48.48
11	75	47.61
11	76	48.25
11	77	51.21
11	78	55.22
11	79	39.61
11	80	62.25
11	81	46.04
11	82	46.41
11	83	49.91
11	84	51.19
11	85	53.15
11	86	53.74
11	87	55.7
11	88	57.91
11	89	59.85
11	90	59.63
11	91	57.58
11	92	59.55
11	93	58.78
11	94	55.95
11	95	67.26
11	96	56.77
12	1	36.75
12	2	23.1
12	3	23.23
12	4	15.16
12	5	14.01
12	6	13.07
12	7	11.15
12	8	11.84
12	9	6.85
12	10	3.35
12	11	13.7
12	13	3.75
12	14	4.46
12	15	7.68
12	16	14.29
12	17	23.72
12	18	26.3
12	19	26.8
12	20	25.54
12	21	28.85
12	22	35.08
12	23	33.29
12	24	33.15
12	25	29.61
12	26	38.42
12	27	42.11
12	28	44.34
12	29	28.48
12	30	32.16
12	31	32.32
12	32	32.9
12	33	21.87
12	34	27.83
12	35	30.29
12	36	33.41
12	37	34.07
12	38	34.44
12	39	32.72
12	40	30.79
12	41	31.57
12	42	30.59
12	43	30.2
12	44	25.2
12	45	23.31
12	46	24.3
12	47	25.61
12	48	25.66
12	49	30.11
12	50	29.96
12	51	36.02
12	52	32.84
12	53	33.07
12	54	34.17
12	55	36.11
12	56	41.33
12	57	41.35
12	58	38.05
12	59	44.68
12	60	40.52
12	61	45.59
12	62	44.59
12	63	44.36
12	64	48.01
12	65	51.75
12	66	52.07
12	67	53.51
12	68	53.84
12	69	45.21
12	70	49.5
12	71	52.01
12	72	53.35
12	73	55.9
12	74	60.45
12	75	59.11
12	76	59.09
12	77	62.42
12	78	67.04
12	79	53.12
12	80	75.71
12	81	59.34
12	82	59.53
12	83	63.21
12	84	63.63
12	85	65.39
12	86	66.01
12	87	68.25
12	88	70.08
12	89	72.39
12	90	72.35
12	91	70.77
12	92	70.02
12	93	68.38
12	94	64.59
12	95	75.93
12	96	63.56
13	1	39.97
13	2	26.71
13	3	26.96
13	4	18.81
13	5	17.73
13	6	16.8
13	7	14.88
13	8	15.59
13	9	10.59
13	10	7.08
13	11	14.73
13	12	3.75
13	14	2.07
13	15	4.95
13	16	10.87
13	17	20.16
13	18	22.7
13	19	23.27
13	20	22.01
13	21	25.64
13	22	31.99
13	23	30.65
13	24	30.77
13	25	27.6
13	26	35.5
13	27	39.51
13	28	41.46
13	29	31.6
13	30	35.17
13	31	35.22
13	32	35.66
13	33	23.94
13	34	30.14
13	35	32.58
13	36	35.95
13	37	36.54
13	38	36.63
13	39	34.33
13	40	32.18
13	41	32.79
13	42	31.7
13	43	31.17
13	44	26.81
13	45	24.53
13	46	24.55
13	47	25.15
13	48	24.9
13	49	30.98
13	50	30.34
13	51	36.47
13	52	33.07
13	53	32.98
13	54	33.3
13	55	36.26
13	56	40.95
13	57	40.97
13	58	37.32
13	59	43.74
13	60	39.17
13	61	44.07
13	62	42.95
13	63	42.51
13	64	45.97
13	65	49.19
13	66	49.99
13	67	51.52
13	68	51.87
13	69	45.06
13	70	49.21
13	71	50.87
13	72	52.18
13	73	54.79
13	74	59.44
13	75	57.89
13	76	57.6
13	77	61.06
13	78	65.92
13	79	54.32
13	80	76.96
13	81	59.22
13	82	59.23
13	83	63.06
13	84	62.86
13	85	64.49
13	86	65.14
13	87	67.51
13	88	69.12
13	89	71.64
13	90	71.71
13	91	70.5
13	92	68.35
13	93	66.42
13	94	62.38
13	95	73.68
13	96	60.9
14	1	39.19
14	2	26.48
14	3	27.08
14	4	18.71
14	5	17.84
14	6	16.98
14	7	15.04
14	8	15.94
14	9	10.93
14	10	7.7
14	11	12.95
14	12	4.46
14	13	2.07
14	15	3.26
14	16	9.87
14	17	19.37
14	18	21.97
14	19	22.4
14	20	21.15
14	21	24.39
14	22	30.64
14	23	29.02
14	24	29.02
14	25	25.71
14	26	34.03
14	27	37.86
14	28	39.97
14	29	30.75
14	30	34.21
14	31	34.19
14	32	34.52
14	33	22.47
14	34	28.76
14	35	31.17
14	36	34.67
14	37	35.22
14	38	35.17
14	39	32.64
14	40	30.42
14	41	30.98
14	42	29.86
14	43	29.29
14	44	25.14
14	45	22.73
14	46	22.54
14	47	23.08
14	48	22.83
14	49	29.08
14	50	28.35
14	51	34.48
14	52	31.05
14	53	30.93
14	54	31.23
14	55	34.23
14	56	38.89
14	57	38.91
14	58	35.25
14	59	41.68
14	60	37.15
14	61	42.08
14	62	40.99
14	63	40.59
14	64	44.11
14	65	47.52
14	66	48.14
14	67	49.64
14	68	49.99
14	69	43.0
14	70	47.15
14	71	48.83
14	72	50.15
14	73	52.75
14	74	57.39
14	75	55.86
14	76	55.62
14	77	59.05
14	78	63.89
14	79	52.47
14	80	75.12
14	81	57.16
14	82	57.16
14	83	61.0
14	84	60.79
14	85	62.43
14	86	63.08
14	87	65.45
14	88	67.07
14	89	69.57
14	90	69.64
14	91	68.43
14	92	66.4
14	93	64.54
14	94	60.58
14	95	71.89
14	96	59.29
15	1	40.62
15	2	28.7
15	3	29.65
15	4	21.14
15	5	20.48
15	6	19.68
15	7	17.74
15	8	18.79
15	9	13.84
15	10	10.82
15	11	12.67
15	12	7.68
15	13	4.95
15	14	3.26
15	16	6.95
15	17	16.49
15	18	19.12
15	19	19.45
15	20	18.21
15	21	21.19
15	22	27.4
15	23	25.77
15	24	25.83
15	25	22.66
15	26	30.77
15	27	34.62
15	28	36.71
15	29	32.13
15	30	35.38
15	31	35.23
15	32	35.39
15	33	22.77
15	34	29.18
15	35	31.54
15	36	35.27
15	37	35.74
15	38	35.37
15	39	32.27
15	40	29.86
15	41	30.26
15	42	29.05
15	43	28.36
15	44	24.92
15	45	22.17
15	46	21.1
15	47	21.03
15	48	20.56
15	49	28.06
15	50	26.91
15	51	33.02
15	52	29.46
15	53	29.08
15	54	28.8
15	55	32.54
15	56	36.76
15	57	36.78
15	58	32.89
15	59	39.16
15	60	34.4
15	61	39.23
15	62	38.08
15	63	37.59
15	64	41.02
15	65	44.29
15	66	45.04
15	67	46.57
15	68	46.92
15	69	41.02
15	70	45.04
15	71	46.17
15	72	47.47
15	73	50.11
15	74	54.79
15	75	53.15
15	76	52.76
15	77	56.26
15	78	61.22
15	79	51.56
15	80	74.18
15	81	55.14
15	82	55.02
15	83	58.95
15	84	58.33
15	85	59.9
15	86	60.55
15	87	63.01
15	88	64.5
15	89	67.11
15	90	67.25
15	91	66.29
15	92	63.45
15	93	61.48
15	94	57.43
15	95	68.73
15	96	56.04
16	1	46.76
16	2	35.51
16	3	36.58
16	4	28.05
16	5	27.42
16	6	26.62
16	7	24.69
16	8	25.72
16	9	20.74
16	10	17.57
16	11	17.54
16	12	14.29
16	13	10.87
16	14	9.87
16	15	6.95
16	17	9.55
16	18	12.17
16	19	12.54
16	20	11.3
16	21	14.84
16	22	21.3
16	23	20.74
16	24	21.48
16	25	19.39
16	26	25.03
16	27	29.55
16	28	30.99
16	29	38.27
16	30	41.27
16	31	40.99
16	32	40.93
16	33	27.84
16	34	34.26
16	35	36.48
16	36	40.48
16	37	40.82
16	38	40.01
16	39	36.08
16	40	33.41
16	41	33.49
16	42	32.14
16	43	31.25
16	44	29.15
16	45	25.98
16	46	23.25
16	47	21.7
16	48	20.62
16	49	30.79
16	50	28.79
16	51	34.65
16	52	30.87
16	53	29.85
16	54	27.9
16	55	33.61
16	56	36.56
16	57	36.57
16	58	32.09
16	59	37.67
16	60	32.17
16	61	36.47
16	62	35.09
16	63	34.14
16	64	37.09
16	65	39.2
16	66	40.96
16	67	42.67
16	68	43.04
16	69	41.13
16	70	44.74
16	71	44.07
16	72	45.29
16	73	48.01
16	74	52.82
16	75	50.77
16	76	49.84
16	77	53.55
16	78	58.95
16	79	54.02
16	80	76.4
16	81	54.96
16	82	54.49
16	83	58.66
16	84	56.79
16	85	58.08
16	86	58.76
16	87	61.49
16	88	62.51
16	89	65.5
16	90	65.87
16	91	65.65
16	92	60.01
16	93	57.5
16	94	52.96
16	95	64.11
16	96	50.69
17	1	55.39
17	2	44.88
17	3	46.1
17	4	37.54
17	5	36.96
17	6	36.17
17	7	34.24
17	8	35.26
17	9	30.28
17	10	27.04
17	11	25.71
17	12	23.72
17	13	20.16
17	14	19.37
17	15	16.49
17	16	9.55
17	18	2.64
17	19	3.19
17	20	1.94
17	21	7.68
17	22	13.99
17	23	16.0
17	24	18.02
17	25	18.26
17	26	18.28
17	27	23.87
17	28	23.96
17	29	46.96
17	30	49.7
17	31	49.27
17	32	48.99
17	33	35.7
17	34	41.95
17	35	44.0
17	36	48.19
17	37	48.41
17	38	47.15
17	39	42.41
17	40	39.56
17	41	39.31
17	42	37.87
17	43	36.81
17	44	36.18
17	45	32.74
17	46	28.58
17	47	25.59
17	48	23.95
17	49	36.18
17	50	33.37
17	51	38.6
17	52	34.78
17	53	33.08
17	54	29.13
17	55	36.95
17	56	38.09
17	57	38.11
17	58	33.1
17	59	37.38
17	60	31.14
17	61	34.35
17	62	32.69
17	63	31.05
17	64	33.03
17	65	33.05
17	66	36.51
17	67	38.43
17	68	38.81
17	69	42.86
17	70	45.78
17	71	42.58
17	72	43.63
17	73	46.39
17	74	51.22
17	75	48.64
17	76	46.91
17	77	50.85
17	78	56.77
17	79	58.33
17	80	80.07
17	81	55.83
17	82	54.9
17	83	59.29
17	84	55.71
17	85	56.59
17	86	57.29
17	87	60.34
17	88	60.68
17	89	64.15
17	90	64.83
17	91	65.65
17	92	56.07
17	93	52.75
17	94	47.52
17	95	58.26
17	96	43.84
18	1	57.92
18	2	47.52
18	3	48.74
18	4	40.18
18	5	39.59
18	6	38.8
18	7	36.86
18	8	37.88
18	9	32.89
18	10	29.63
18	11	28.22
18	12	26.3
18	13	22.7
18	14	21.97
18	15	19.12
18	16	12.17
18	17	2.64
18	19	1.59
18	20	1.53
18	21	7.12
18	22	12.79
18	23	15.8
18	24	18.17
18	25	19.1
18	26	17.18
18	27	23.04
18	28	22.61
18	29	49.51
18	30	52.2
18	31	51.76
18	32	51.43
18	33	38.14
18	34	44.35
18	35	46.35
18	36	50.57
18	37	50.77
18	38	49.43
18	39	44.55
18	40	41.68
18	41	41.37
18	42	39.91
18	43	38.82
18	44	38.47
18	45	35.0
18	46	30.62
18	47	27.39
18	48	25.66
18	49	38.17
18	50	35.21
18	51	40.26
18	52	36.47
18	53	34.63
18	54	30.28
18	55	38.49
18	56	39.2
18	57	39.22
18	58	34.13
18	59	38.02
18	60	31.66
18	61	34.52
18	62	32.8
18	63	30.97
18	64	32.62
18	65	31.93
18	66	35.92
18	67	37.9
18	68	38.28
18	69	43.98
18	70	46.69
18	71	42.84
18	72	43.84
18	73	46.58
18	74	51.39
18	75	48.67
18	76	46.72
18	77	50.7
18	78	56.74
18	79	59.98
18	80	81.52
18	81	56.64
18	82	55.6
18	83	60.02
18	84	56.0
18	85	56.76
18	86	57.46
18	87	60.59
18	88	60.73
18	89	64.33
18	90	65.09
18	91	66.2
18	92	55.52
18	93	51.96
18	94	46.53
18	95	57.08
18	96	42.38
19	1	57.63
19	2	47.59
19	3	48.95
19	4	40.37
19	5	39.86
19	6	39.09
19	7	37.17
19	8	38.24
19	9	33.28
19	10	30.1
19	11	27.93
19	12	26.8
19	13	23.27
19	14	22.4
19	15	19.45
19	16	12.54
19	17	3.19
19	18	1.59
19	20	1.26
19	21	5.53
19	22	11.29
19	23	14.22
19	24	16.62
19	25	17.7
19	26	15.66
19	27	21.49
19	28	21.16
19	29	49.27
19	30	51.86
19	31	51.37
19	32	50.99
19	33	37.7
19	34	43.84
19	35	45.8
19	36	50.05
19	37	50.21
19	38	48.78
19	39	43.77
19	40	40.88
19	41	40.52
19	42	39.06
19	43	37.95
19	44	37.86
19	45	34.36
19	46	29.77
19	47	26.39
19	48	24.61
19	49	37.28
19	50	34.23
19	51	39.16
19	52	35.38
19	53	33.48
19	54	28.96
19	55	37.33
19	56	37.85
19	57	37.87
19	58	32.76
19	59	36.54
19	60	30.15
19	61	32.96
19	62	31.23
19	63	29.39
19	64	31.03
19	65	30.43
19	66	34.35
19	67	36.32
19	68	36.7
19	69	42.62
19	70	45.28
19	71	41.29
19	72	42.28
19	73	45.02
19	74	49.83
19	75	47.1
19	76	45.13
19	77	49.12
19	78	55.16
19	79	58.85
19	80	80.28
19	81	55.19
19	82	54.12
19	83	58.55
19	84	54.45
19	85	55.19
19	86	55.9
19	87	59.03
19	88	59.16
19	89	62.76
19	90	63.54
19	91	64.69
19	92	53.94
19	93	50.41
19	94	45.01
19	95	55.6
19	96	40.98
20	1	56.62
20	2	46.43
20	3	47.75
20	4	39.17
20	5	38.65
20	6	37.87
20	7	35.95
20	8	37.0
20	9	32.04
20	10	28.85
20	11	26.91
20	12	25.54
20	13	22.01
20	14	21.15
20	15	18.21
20	16	11.3
20	17	1.94
20	18	1.53
20	19	1.26
20	21	6.14
20	22	12.23
20	23	14.72
20	24	16.95
20	25	17.68
20	26	16.56
20	27	22.28
20	28	22.16
20	29	48.23
20	30	50.87
20	31	50.4
20	32	50.05
20	33	36.76
20	34	42.94
20	35	44.93
20	36	49.16
20	37	49.34
20	38	47.97
20	39	43.06
20	40	40.18
20	41	39.86
20	42	38.4
20	43	37.31
20	44	37.02
20	45	33.54
20	46	29.11
20	47	25.86
20	48	24.13
20	49	36.65
20	50	33.69
20	51	38.74
20	52	34.94
20	53	33.11
20	54	28.81
20	55	36.97
20	56	37.74
20	57	37.75
20	58	32.68
20	59	36.67
20	60	30.34
20	61	33.32
20	62	31.62
20	63	29.86
20	64	31.65
20	65	31.35
20	66	35.04
20	67	37.0
20	68	37.38
20	69	42.51
20	70	45.27
20	71	41.61
20	72	42.63
20	73	45.38
20	74	50.2
20	75	47.53
20	76	45.66
20	77	49.63
20	78	55.62
20	79	58.45
20	80	80.01
20	81	55.25
20	82	54.23
20	83	58.65
20	84	54.77
20	85	55.56
20	86	56.27
20	87	59.37
20	88	59.58
20	89	63.13
20	90	63.87
20	91	64.88
20	92	54.63
20	93	51.2
20	94	45.88
20	95	56.54
20	96	42.02
21	1	56.64
21	2	47.94
21	3	49.77
21	4	41.19
21	5	40.96
21	6	40.29
21	7	38.42
21	8	39.66
21	9	34.87
21	10	32.01
21	11	27.27
21	12	28.85
21	13	25.64
21	14	24.39
21	15	21.19
21	16	14.84
21	17	7.68
21	18	7.12
21	19	5.53
21	20	6.14
21	22	6.57
21	23	8.69
21	24	11.2
21	25	12.94
21	26	10.69
21	27	16.19
21	28	16.51
21	29	48.47
21	30	50.72
21	31	50.09
21	32	49.49
21	33	36.34
21	34	42.17
21	35	43.94
21	36	48.27
21	37	48.32
21	38	46.57
21	39	41.13
21	40	38.2
21	41	37.64
21	42	36.18
21	43	35.0
21	44	35.85
21	45	32.3
21	46	27.06
21	47	23.13
21	48	21.21
21	49	34.26
21	50	30.89
21	51	35.35
21	52	31.67
21	53	29.53
21	54	24.38
21	55	33.29
21	56	33.12
21	57	33.14
21	58	27.98
21	59	31.32
21	60	24.88
21	61	27.48
21	62	25.74
21	63	23.86
21	64	25.53
21	65	25.42
21	66	28.91
21	67	30.86
21	68	31.24
21	69	37.87
21	70	40.28
21	71	35.84
21	72	36.8
21	73	39.54
21	74	44.34
21	75	41.58
21	76	39.6
21	77	43.59
21	78	49.63
21	79	54.86
21	80	75.86
21	81	50.07
21	82	48.9
21	83	53.36
21	84	49.0
21	85	49.7
21	86	50.4
21	87	53.56
21	88	53.64
21	89	57.27
21	90	58.07
21	91	59.35
21	92	48.49
21	93	45.09
21	94	39.85
21	95	50.62
21	96	36.41
22	1	60.64
22	2	53.1
22	3	55.23
22	4	46.71
22	5	46.65
22	6	46.04
22	7	44.22
22	8	45.54
22	9	40.86
22	10	38.16
22	11	32.0
22	12	35.08
22	13	31.99
22	14	30.64
22	15	27.4
22	16	21.3
22	17	13.99
22	18	12.79
22	19	11.29
22	20	12.23
22	21	6.57
22	23	6.27
22	24	9.4
22	25	13.35
22	26	4.4
22	27	10.46
22	28	9.98
22	29	52.73
22	30	54.63
22	31	53.88
22	32	53.08
22	33	40.26
22	34	45.68
22	35	47.21
22	36	51.56
22	37	51.49
22	38	49.4
22	39	43.53
22	40	40.61
22	41	39.83
22	42	38.38
22	43	37.15
22	44	39.11
22	45	35.59
22	46	29.77
22	47	25.29
22	48	23.28
22	49	36.34
22	50	32.62
22	51	36.19
22	52	32.79
22	53	30.31
22	54	24.14
22	55	33.81
22	56	32.19
22	57	32.2
22	58	27.09
22	59	29.02
22	60	22.54
22	61	23.95
22	62	22.11
22	63	19.79
22	64	20.55
22	65	19.14
22	66	23.51
22	67	25.55
22	68	25.93
22	69	36.76
22	70	38.49
22	71	32.31
22	72	33.11
22	73	35.76
22	74	40.42
22	75	37.37
22	76	34.91
22	77	38.95
22	78	45.2
22	79	55.07
22	80	75.09
22	81	47.77
22	82	46.29
22	83	50.78
22	84	45.33
22	85	45.72
22	86	46.43
22	87	49.74
22	88	49.36
22	89	53.24
22	90	54.24
22	91	56.2
22	92	43.04
22	93	39.26
22	94	33.75
22	95	44.32
22	96	29.88
23	1	55.64
23	2	49.23
23	3	51.74
23	4	43.39
23	5	43.58
23	6	43.08
23	7	41.35
23	8	42.79
23	9	38.41
23	10	36.1
23	11	27.96
23	12	33.29
23	13	30.65
23	14	29.02
23	15	25.77
23	16	20.74
23	17	16.0
23	18	15.8
23	19	14.22
23	20	14.72
23	21	8.69
23	22	6.27
23	24	3.14
23	25	7.38
23	26	6.21
23	27	8.87
23	28	11.49
23	29	47.97
23	30	49.59
23	31	48.75
23	32	47.83
23	33	35.35
23	34	40.43
23	35	41.82
23	36	46.15
23	37	46.01
23	38	43.76
23	39	37.74
23	40	34.84
23	41	33.96
23	42	32.54
23	43	31.29
23	44	33.78
23	45	30.32
23	46	24.25
23	47	19.6
23	48	17.6
23	49	30.47
23	50	26.65
23	51	29.99
23	52	26.66
23	53	24.12
23	54	17.87
23	55	27.57
23	56	25.98
23	57	25.99
23	58	20.86
23	59	23.2
23	60	16.69
23	61	18.85
23	62	17.08
23	63	15.17
23	64	17.05
23	65	18.55
23	66	20.64
23	67	22.51
23	68	22.89
23	69	30.6
23	70	32.51
23	71	27.23
23	72	28.16
23	73	30.89
23	74	35.67
23	75	32.89
23	76	30.95
23	77	34.92
23	78	40.94
23	79	48.8
23	80	68.91
23	81	42.01
23	82	40.67
23	83	45.15
23	84	40.38
23	85	41.03
23	86	41.73
23	87	44.92
23	88	44.94
23	89	48.59
23	90	49.43
23	91	50.9
23	92	40.13
23	93	37.08
23	94	32.27
23	95	43.38
23	96	30.27
24	1	53.46
24	2	47.77
24	3	50.49
24	4	42.28
24	5	42.61
24	6	42.19
24	7	40.53
24	8	42.03
24	9	37.84
24	10	35.78
24	11	26.57
24	12	33.15
24	13	30.77
24	14	29.02
24	15	25.83
24	16	21.48
24	17	18.02
24	18	18.17
24	19	16.62
24	20	16.95
24	21	11.2
24	22	9.4
24	23	3.14
24	25	4.93
24	26	8.66
24	27	9.32
24	28	13.08
24	29	45.97
24	30	47.41
24	31	46.52
24	32	45.51
24	33	33.31
24	34	38.14
24	35	39.42
24	36	43.73
24	37	43.55
24	38	41.19
24	39	35.06
24	40	32.19
24	41	31.24
24	42	29.84
24	43	28.59
24	44	31.45
24	45	28.06
24	46	21.86
24	47	17.1
24	48	15.14
24	49	27.75
24	50	23.86
24	51	26.98
24	52	23.72
24	53	21.12
24	54	14.76
24	55	24.52
24	56	22.85
24	57	22.86
24	58	17.72
24	59	20.25
24	60	13.75
24	61	16.37
24	62	14.68
24	63	13.09
24	64	15.63
24	65	18.72
24	66	19.49
24	67	21.21
24	68	21.58
24	69	27.47
24	70	29.46
24	71	24.68
24	72	25.68
24	73	28.43
24	74	33.25
24	75	30.62
24	76	28.99
24	77	32.89
24	78	38.75
24	79	45.68
24	80	65.78
24	81	39.05
24	82	37.78
24	83	42.25
24	84	37.84
24	85	38.61
24	86	39.32
24	87	42.42
24	88	42.66
24	89	46.18
24	90	46.93
24	91	48.16
24	92	38.67
24	93	36.02
24	94	31.64
24	95	42.91
24	96	30.63
25	1	48.53
25	2	43.03
25	3	45.87
25	4	37.77
25	5	38.22
25	6	37.84
25	7	36.25
25	8	37.79
25	9	33.82
25	10	32.02
25	11	21.92
25	12	29.61
25	13	27.6
25	14	25.71
25	15	22.66
25	16	19.39
25	17	18.26
25	18	19.1
25	19	17.7
25	20	17.68
25	21	12.94
25	22	13.35
25	23	7.38
25	24	4.93
25	26	13.44
25	27	13.99
25	28	17.99
25	29	41.05
25	30	42.48
25	31	41.6
25	32	40.6
25	33	28.39
25	34	33.22
25	35	34.53
25	36	38.85
25	37	38.69
25	38	36.4
25	39	30.36
25	40	27.46
25	41	26.59
25	42	25.16
25	43	23.92
25	44	26.55
25	45	23.14
25	46	16.97
25	47	12.25
25	48	10.26
25	49	23.09
25	50	19.3
25	51	22.94
25	52	19.46
25	53	17.04
25	54	11.44
25	55	20.66
25	56	20.21
25	57	20.22
25	58	15.09
25	59	19.15
25	60	13.08
25	61	17.09
25	62	15.71
25	63	14.95
25	64	18.41
25	65	23.0
25	66	22.46
25	67	23.93
25	68	24.28
25	69	24.97
25	70	27.6
25	71	24.87
25	72	26.03
25	73	28.78
25	74	33.62
25	75	31.42
25	76	30.47
25	77	34.16
25	78	39.61
25	79	42.15
25	80	62.93
25	81	37.59
25	82	36.64
25	83	41.03
25	84	37.83
25	85	38.94
25	86	39.63
25	87	42.51
25	88	43.26
25	89	46.44
25	90	46.96
25	91	47.45
25	92	40.86
25	93	38.83
25	94	35.02
25	95	46.38
25	96	34.91
26	1	61.84
26	2	55.29
26	3	57.69
26	4	49.26
26	5	49.35
26	6	48.81
26	7	47.04
26	8	48.43
26	9	43.9
26	10	41.38
26	11	34.04
26	12	38.42
26	13	35.5
26	14	34.03
26	15	30.77
26	16	25.03
26	17	18.28
26	18	17.18
26	19	15.66
26	20	16.56
26	21	10.69
26	22	4.4
26	23	6.21
26	24	8.66
26	25	13.44
26	27	6.2
26	28	5.96
26	29	54.18
26	30	55.8
26	31	54.95
26	32	54.01
26	33	41.56
26	34	46.61
26	35	47.97
26	36	52.29
26	37	52.14
26	38	49.82
26	39	43.71
26	40	40.84
26	41	39.9
26	42	38.5
26	43	37.24
26	44	39.95
26	45	36.51
26	46	30.4
26	47	25.7
26	48	23.71
26	49	36.4
26	50	32.51
26	51	35.42
26	52	32.27
26	53	29.62
26	54	22.97
26	55	32.87
26	56	30.34
26	57	30.34
26	58	25.39
26	59	26.37
26	60	20.05
26	61	20.65
26	62	18.8
26	63	16.27
26	64	16.5
26	65	14.78
26	66	19.25
26	67	21.31
26	68	21.69
26	69	34.72
26	70	36.0
26	71	28.88
26	72	29.58
26	73	32.16
26	74	36.73
26	75	33.55
26	76	30.87
26	77	34.92
26	78	41.25
26	79	53.65
26	80	72.97
26	81	44.89
26	82	43.25
26	83	47.73
26	84	41.72
26	85	41.97
26	86	42.67
26	87	46.04
26	88	45.45
26	89	49.43
26	90	50.52
26	91	52.81
26	92	38.72
26	93	34.87
26	94	29.36
26	95	39.98
26	96	25.76
27	1	62.06
27	2	57.02
27	3	59.8
27	4	51.61
27	5	51.93
27	6	51.5
27	7	49.82
27	8	51.31
27	9	47.05
27	10	44.86
27	11	35.86
27	12	42.11
27	13	39.51
27	14	37.86
27	15	34.62
27	16	29.55
27	17	23.87
27	18	23.04
27	19	21.49
27	20	22.28
27	21	16.19
27	22	10.46
27	23	8.87
27	24	9.32
27	25	13.99
27	26	6.2
27	28	5.16
27	29	54.82
27	30	56.02
27	31	55.06
27	32	53.91
27	33	42.18
27	34	46.62
27	35	47.7
27	36	51.93
27	37	51.65
27	38	49.05
27	39	42.69
27	40	39.93
27	41	38.8
27	42	37.48
27	43	36.23
27	44	39.94
27	45	36.68
27	46	30.35
27	47	25.52
27	48	23.67
27	49	35.37
27	50	31.35
27	51	33.25
27	52	30.54
27	53	27.74
27	54	20.71
27	55	30.52
27	56	26.79
27	57	26.79
27	58	22.23
27	59	21.81
27	60	15.96
27	61	15.35
27	62	13.54
27	63	10.8
27	64	10.37
27	65	9.68
27	66	13.06
27	67	15.11
27	68	15.49
27	69	30.8
27	70	31.47
27	71	23.28
27	72	23.86
27	73	26.36
27	74	30.81
27	75	27.53
27	76	24.72
27	77	28.77
27	78	35.12
27	79	50.33
27	80	68.63
27	81	39.79
27	82	37.97
27	83	42.42
27	84	35.87
27	85	35.99
27	86	36.68
27	87	40.1
27	88	39.36
27	89	43.4
27	90	44.55
27	91	47.14
27	92	32.58
27	93	28.92
27	94	23.7
27	95	34.64
27	96	21.45
28	1	66.48
28	2	60.67
28	3	63.23
28	4	54.87
28	5	55.04
28	6	54.53
28	7	52.79
28	8	54.2
28	9	49.73
28	10	47.28
28	11	39.41
28	12	44.34
28	13	41.46
28	14	39.97
28	15	36.71
28	16	30.99
28	17	23.96
28	18	22.61
28	19	21.16
28	20	22.16
28	21	16.51
28	22	9.98
28	23	11.49
28	24	13.08
28	25	17.99
28	26	5.96
28	27	5.16
28	29	59.04
28	30	60.43
28	31	59.51
28	32	58.44
28	33	46.38
28	34	51.1
28	35	52.28
28	36	56.56
28	37	56.32
28	38	53.81
28	39	47.51
28	40	44.71
28	41	43.64
28	42	42.29
28	43	41.03
28	44	44.41
28	45	41.07
28	46	34.8
28	47	29.99
28	48	28.07
28	49	40.17
28	50	36.18
28	51	38.31
28	52	35.51
28	53	32.73
28	54	25.75
28	55	35.6
28	56	31.94
28	57	31.94
28	58	27.38
28	59	26.83
28	60	21.1
28	61	20.13
28	62	18.37
28	63	15.57
28	64	14.16
28	65	9.59
28	66	15.83
28	67	17.91
28	68	18.27
28	69	35.93
28	70	36.46
28	71	27.71
28	72	28.15
28	73	30.51
28	74	34.73
28	75	31.28
28	76	28.02
28	77	32.02
28	78	38.47
28	79	55.48
28	80	73.63
28	81	44.51
28	82	42.58
28	83	46.99
28	84	39.87
28	85	39.75
28	86	40.43
28	87	43.91
28	88	42.79
28	89	47.0
28	90	48.3
28	91	51.34
28	92	34.57
28	93	30.21
28	94	24.29
28	95	34.52
28	96	19.9
29	1	8.5
29	2	10.01
29	3	14.35
29	4	15.32
29	5	17.39
29	6	18.35
29	7	19.41
29	8	20.15
29	9	23.04
29	10	26.17
29	11	21.35
29	12	28.48
29	13	31.6
29	14	30.75
29	15	32.13
29	16	38.27
29	17	46.96
29	18	49.51
29	19	49.27
29	20	48.23
29	21	48.47
29	22	52.73
29	23	47.97
29	24	45.97
29	25	41.05
29	26	54.18
29	27	54.82
29	28	59.04
29	30	4.03
29	31	4.85
29	32	6.55
29	33	12.66
29	34	9.46
29	35	10.11
29	36	9.01
29	37	10.06
29	38	12.93
29	39	17.29
29	40	18.38
29	41	20.01
29	42	20.55
29	43	21.46
29	44	15.41
29	45	18.27
29	46	24.63
29	47	29.41
29	48	31.18
29	49	22.2
29	50	25.7
29	51	28.34
29	52	28.13
29	53	30.56
29	54	36.63
29	55	30.58
29	56	37.93
29	57	37.95
29	58	38.24
29	59	44.58
29	60	44.4
29	61	49.59
29	62	49.65
29	63	51.05
29	64	55.5
29	65	62.85
29	66	59.24
29	67	59.78
29	68	59.99
29	69	39.1
29	70	43.52
29	71	52.0
29	72	53.32
29	73	54.98
29	74	58.18
29	75	58.62
29	76	60.68
29	77	62.6
29	78	64.81
29	79	35.13
29	80	55.31
29	81	50.45
29	82	51.93
29	83	54.0
29	84	59.14
29	85	61.65
29	86	62.07
29	87	62.93
29	88	66.29
29	89	66.83
29	90	65.92
29	91	61.69
29	92	71.98
29	93	72.76
29	94	71.45
29	95	82.26
29	96	74.31
30	1	6.05
30	2	13.81
30	3	17.99
30	4	19.34
30	5	21.42
30	6	22.37
30	7	23.39
30	8	24.16
30	9	26.94
30	10	29.98
30	11	23.99
30	12	32.16
30	13	35.17
30	14	34.21
30	15	35.38
30	16	41.27
30	17	49.7
30	18	52.2
30	19	51.86
30	20	50.87
30	21	50.72
30	22	54.63
30	23	49.59
30	24	47.41
30	25	42.48
30	26	55.8
30	27	56.02
30	28	60.43
30	29	4.03
30	31	1.42
30	32	3.46
30	33	14.4
30	34	9.48
30	35	9.09
30	36	6.37
30	37	7.36
30	38	10.66
30	39	16.13
30	40	17.8
30	41	19.38
30	42	20.18
30	43	21.24
30	44	16.1
30	45	19.36
30	46	25.67
30	47	30.5
30	48	32.37
30	49	22.05
30	50	25.84
30	51	27.63
30	52	27.96
30	53	30.57
30	54	37.04
30	55	30.08
30	56	37.37
30	57	37.38
30	58	38.22
30	59	44.26
30	60	44.66
30	61	49.71
30	62	49.92
30	63	51.51
30	64	55.96
30	65	63.68
30	66	59.58
30	67	59.98
30	68	60.17
30	69	38.05
30	70	42.33
30	71	51.47
30	72	52.76
30	73	54.25
30	74	57.19
30	75	57.88
30	76	60.19
30	77	61.88
30	78	63.71
30	79	32.22
30	80	51.79
30	81	48.63
30	82	50.28
30	83	52.06
30	84	57.81
30	85	60.38
30	86	60.77
30	87	61.41
30	88	64.95
30	89	65.23
30	90	64.2
30	91	59.65
30	92	71.37
30	93	72.49
30	94	71.54
30	95	82.15
30	96	74.92
31	1	7.04
31	2	14.82
31	3	19.1
31	4	19.95
31	5	22.05
31	6	22.97
31	7	23.9
31	8	24.75
31	9	27.3
31	10	30.25
31	11	23.59
31	12	32.32
31	13	35.22
31	14	34.19
31	15	35.23
31	16	40.99
31	17	49.27
31	18	51.76
31	19	51.37
31	20	50.4
31	21	50.09
31	22	53.88
31	23	48.75
31	24	46.52
31	25	41.6
31	26	54.95
31	27	55.06
31	28	59.51
31	29	4.85
31	30	1.42
31	32	2.05
31	33	13.75
31	34	8.44
31	35	7.83
31	36	4.95
31	37	5.94
31	38	9.24
31	39	14.78
31	40	16.53
31	41	18.1
31	42	18.94
31	43	20.02
31	44	15.12
31	45	18.46
31	46	24.72
31	47	29.54
31	48	31.44
31	49	20.84
31	50	24.68
31	51	26.31
31	52	26.73
31	53	29.37
31	54	35.9
31	55	28.79
31	56	36.06
31	57	36.08
31	58	37.0
31	59	42.98
31	60	43.49
31	61	48.51
31	62	48.75
31	63	50.37
31	64	54.82
31	65	62.61
31	66	58.41
31	67	58.79
31	68	58.97
31	69	36.68
31	70	40.95
31	71	50.16
31	72	51.44
31	73	52.91
31	74	55.82
31	75	56.53
31	76	58.89
31	77	60.55
31	78	62.34
31	79	30.87
31	80	50.6
31	81	47.21
31	82	48.86
31	83	50.64
31	84	56.41
31	85	58.99
31	86	59.37
31	87	60.01
31	88	63.55
31	89	63.82
31	90	62.79
31	91	58.23
31	92	70.05
31	93	71.21
31	94	70.32
31	95	80.9
31	96	73.8
32	1	8.52
32	2	16.55
32	3	20.9
32	4	21.19
32	5	23.3
32	6	24.18
32	7	24.99
32	8	25.93
32	9	28.19
32	10	31.0
32	11	23.42
32	12	32.9
32	13	35.66
32	14	34.52
32	15	35.39
32	16	40.93
32	17	48.99
32	18	51.43
32	19	50.99
32	20	50.05
32	21	49.49
32	22	53.08
32	23	47.83
32	24	45.51
32	25	40.6
32	26	54.01
32	27	53.91
32	28	58.44
32	29	6.55
32	30	3.46
32	31	2.05
32	33	13.3
32	34	7.4
32	35	6.3
32	36	2.92
32	37	3.89
32	38	7.23
32	39	12.97
32	40	14.9
32	41	16.43
32	42	17.35
32	43	18.47
32	44	14.06
32	45	17.51
32	46	23.66
32	47	28.45
32	48	30.39
32	49	19.31
32	50	23.22
32	51	24.55
32	52	25.15
32	53	27.83
32	54	34.48
32	55	27.08
32	56	34.31
32	57	34.33
32	58	35.42
32	59	41.29
32	60	41.99
32	61	46.94
32	62	47.24
32	63	48.93
32	64	53.37
32	65	61.29
32	66	56.91
32	67	57.24
32	68	57.41
32	69	34.8
32	70	39.03
32	71	48.4
32	72	49.66
32	73	51.09
32	74	53.94
32	75	54.71
32	76	57.12
32	77	58.72
32	78	60.42
32	79	28.84
32	80	48.76
32	81	45.19
32	82	46.86
32	83	48.61
32	84	54.46
32	85	57.04
32	86	57.42
32	87	58.02
32	88	61.59
32	89	61.82
32	90	60.78
32	91	56.19
32	92	68.24
32	93	69.5
32	94	68.72
32	95	79.23
32	96	72.39
33	1	20.39
33	2	16.86
33	3	20.89
33	4	15.73
33	5	17.48
33	6	17.91
33	7	17.66
33	8	19.18
33	9	19.14
33	10	20.9
33	11	10.31
33	12	21.87
33	13	23.94
33	14	22.47
33	15	22.77
33	16	27.84
33	17	35.7
33	18	38.14
33	19	37.7
33	20	36.76
33	21	36.34
33	22	40.26
33	23	35.35
33	24	33.31
33	25	28.39
33	26	41.56
33	27	42.18
33	28	46.38
33	29	12.66
33	30	14.4
33	31	13.75
33	32	13.3
33	34	6.44
33	35	8.77
33	36	12.64
33	37	13.02
33	38	12.7
33	39	11.32
33	40	10.19
33	41	11.5
33	42	11.18
33	43	11.51
33	44	4.57
33	45	5.98
33	46	12.16
33	47	16.85
33	48	18.57
33	49	11.95
33	50	14.47
33	51	18.81
33	52	17.35
33	53	19.3
33	54	24.62
33	55	20.35
33	56	27.49
33	57	27.51
33	58	26.79
33	59	33.5
33	60	32.44
33	61	37.77
33	62	37.65
33	63	38.83
33	64	43.26
33	65	50.33
33	66	47.1
33	67	47.78
33	68	48.01
33	69	29.71
33	70	34.3
33	71	41.15
33	72	42.52
33	73	44.47
33	74	48.17
33	75	48.08
33	76	49.64
33	77	51.97
33	78	54.93
33	79	32.12
33	80	54.41
33	81	42.72
33	82	43.68
33	83	46.51
33	84	49.89
33	85	52.19
33	86	52.7
33	87	54.07
33	88	56.95
33	89	58.14
33	90	57.54
33	91	54.33
33	92	61.05
33	93	61.3
33	94	59.51
33	95	70.53
33	96	61.89
34	1	15.46
34	2	17.26
34	3	21.74
34	4	18.99
34	5	21.01
34	6	21.68
34	7	21.93
34	8	23.23
34	9	24.25
34	10	26.49
34	11	16.74
34	12	27.83
34	13	30.14
34	14	28.76
34	15	29.18
34	16	34.26
34	17	41.95
34	18	44.35
34	19	43.84
34	20	42.94
34	21	42.17
34	22	45.68
34	23	40.43
34	24	38.14
34	25	33.22
34	26	46.61
34	27	46.62
34	28	51.1
34	29	9.46
34	30	9.48
34	31	8.44
34	32	7.4
34	33	6.44
34	35	2.46
34	36	6.24
34	37	6.58
34	38	6.68
34	39	8.23
34	40	8.94
34	41	10.57
34	42	11.1
34	43	12.03
34	44	6.69
34	45	10.11
34	46	16.3
34	47	21.12
34	48	23.03
34	49	12.8
34	50	16.45
34	51	18.9
34	52	18.74
34	53	21.25
34	54	27.59
34	55	21.12
34	56	28.47
34	57	28.49
34	58	28.93
34	59	35.16
34	60	35.26
34	61	40.36
34	62	40.52
34	63	42.06
34	64	46.51
34	65	54.2
34	66	50.16
34	67	50.61
34	68	50.8
34	69	29.71
34	70	34.17
34	71	42.55
34	72	43.87
34	73	45.52
34	74	48.75
34	75	49.16
34	76	51.24
34	77	53.14
34	78	55.41
34	79	28.08
34	80	49.73
34	81	41.49
34	82	42.83
34	83	45.13
34	84	49.83
34	85	52.3
34	86	52.74
34	87	53.7
34	88	56.97
34	89	57.65
34	90	56.82
34	91	52.9
34	92	62.52
34	93	63.38
34	94	62.22
34	95	72.94
34	96	65.45
35	1	14.78
35	2	18.83
35	3	23.34
35	4	21.18
35	5	23.23
35	6	23.94
35	7	24.26
35	8	25.52
35	9	26.68
35	10	28.94
35	11	19.02
35	12	30.29
35	13	32.58
35	14	31.17
35	15	31.54
35	16	36.48
35	17	44.0
35	18	46.35
35	19	45.8
35	20	44.93
35	21	43.94
35	22	47.21
35	23	41.82
35	24	39.42
35	25	34.53
35	26	47.97
35	27	47.7
35	28	52.28
35	29	10.11
35	30	9.09
35	31	7.83
35	32	6.3
35	33	8.77
35	34	2.46
35	36	4.35
35	37	4.41
35	38	4.25
35	39	7.21
35	40	8.71
35	41	10.29
35	42	11.11
35	43	12.2
35	44	8.12
35	45	11.66
35	46	17.57
35	47	22.32
35	48	24.28
35	49	13.04
35	50	16.92
35	51	18.56
35	52	18.91
35	53	21.56
35	54	28.18
35	55	20.99
35	56	28.28
35	57	28.3
35	58	29.18
35	59	35.16
35	60	35.71
35	61	40.69
35	62	40.96
35	63	42.63
35	64	47.07
35	65	55.0
35	66	50.63
35	67	50.98
35	68	51.16
35	69	29.12
35	70	33.49
35	71	42.39
35	72	43.68
35	73	45.21
35	74	48.26
35	75	48.84
35	76	51.11
35	77	52.85
35	78	54.84
35	79	26.07
35	80	47.48
35	81	40.36
35	82	41.83
35	83	43.93
35	84	49.08
35	85	51.6
35	86	52.02
35	87	52.83
35	88	56.23
35	89	56.73
35	90	55.81
35	91	51.65
35	92	62.31
35	93	63.4
35	94	62.5
35	95	73.07
35	96	66.09
36	1	11.18
36	2	18.84
36	3	23.28
36	4	22.73
36	5	24.84
36	6	25.66
36	7	26.28
36	8	27.36
36	9	29.18
36	10	31.76
36	11	22.94
36	12	33.41
36	13	35.95
36	14	34.67
36	15	35.27
36	16	40.48
36	17	48.19
36	18	50.57
36	19	50.05
36	20	49.16
36	21	48.27
36	22	51.56
36	23	46.15
36	24	43.73
36	25	38.85
36	26	52.29
36	27	51.93
36	28	56.56
36	29	9.01
36	30	6.37
36	31	4.95
36	32	2.92
36	33	12.64
36	34	6.24
36	35	4.35
36	37	1.05
36	38	4.31
36	39	10.27
36	40	12.42
36	41	13.88
36	42	14.91
36	43	16.09
36	44	12.46
36	45	16.01
36	46	21.9
36	47	26.62
36	48	28.59
36	49	16.94
36	50	20.92
36	51	21.86
36	52	22.67
36	53	25.41
36	54	32.19
36	55	24.45
36	56	31.61
36	57	31.63
36	58	32.92
36	59	38.65
36	60	39.59
36	61	44.46
36	62	44.81
36	63	46.58
36	64	51.01
36	65	59.08
36	66	54.49
36	67	54.75
36	68	54.92
36	69	31.98
36	70	36.17
36	71	45.68
36	72	46.93
36	73	48.31
36	74	51.1
36	75	51.92
36	76	54.4
36	77	55.93
36	78	57.56
36	79	26.14
36	80	46.47
36	81	42.27
36	82	43.95
36	83	45.69
36	84	51.57
36	85	54.16
36	86	54.53
36	87	55.11
36	88	58.7
36	89	58.9
36	90	57.86
36	91	53.28
36	92	65.48
