param n := 100;
param deposito := 51;
param numero_clusters := 20;
param factor := 1;

set Np[1]:= 19 44 92  ;
set Np[2]:= 3 11 28 91 97  ;
set Np[3]:= 47 65 79 81  ;
set Np[4]:= 4 6 83  ;
set Np[5]:= 5 39 40 67 70  ;
set Np[6]:= 9 25 27 34 35 46 57 61 71 94  ;
set Np[7]:= 31 48 63  ;
set Np[8]:= 22 23 50 55 88  ;
set Np[9]:= 10 20 30 38 49 68 75 80 86  ;
set Np[10]:= 53 73 85 93  ;
set Np[11]:= 1 12 21 90 95 98  ;
set Np[12]:= 60 66 74 87 89  ;
set Np[13]:= 2 13 16 18 24 77  ;
set Np[14]:= 26 56 62 69 100  ;
set Np[15]:= 37 72  ;
set Np[16]:= 7 43 52 54 58 84  ;
set Np[17]:= 17 36 41 45 78 96  ;
set Np[18]:= 14 15 33 42 64 82  ;
set Np[19]:= 8 29 32 59 76 99  ;
set Np[20]:= 51  ;


param c:=
1	2	2606.93
1	3	548.51
1	4	2009.49
1	5	1367.89
1	6	2233.32
1	7	1130.63
1	8	580.68
1	9	515.2
1	10	582.07
1	11	721.5
1	12	262.86
1	13	2790.41
1	14	2301.46
1	15	2489.77
1	16	2438.9
1	17	2948.69
1	18	2589.15
1	19	3007.58
1	20	783.17
1	21	258.09
1	22	1980.49
1	23	1987.9
1	24	2459.22
1	25	526.54
1	26	1184.12
1	27	661.79
1	28	814.32
1	29	492.32
1	30	881.46
1	31	3069.99
1	32	439.72
1	33	2432.88
1	34	838.3
1	35	843.98
1	36	2910.25
1	37	1129.45
1	38	698.55
1	39	1123.95
1	40	1099.94
1	41	3098.67
1	42	2516.9
1	43	1673.26
1	44	3350.02
1	45	2850.51
1	46	477.25
1	47	1487.58
1	48	2963.02
1	49	655.4
1	50	1988.57
1	51	3164.46
1	52	1417.39
1	53	1002.9
1	54	1437.23
1	55	2039.98
1	56	1298.84
1	57	1008.48
1	58	1176.55
1	59	592.08
1	60	1414.33
1	61	809.65
1	62	1258.22
1	63	2953.18
1	64	2358.79
1	65	1227.26
1	66	1534.85
1	67	1426.98
1	68	651.92
1	69	1034.23
1	70	1191.65
1	71	438.55
1	72	1044.84
1	73	838.6
1	74	1359.07
1	75	939.99
1	76	674.08
1	77	2349.46
1	78	2795.83
1	79	1315.72
1	80	821.65
1	81	1472.16
1	82	2579.43
1	83	2065.31
1	84	1155.77
1	85	772.91
1	86	629.5
1	87	1627.73
1	88	1867.11
1	89	1718.82
1	90	149.5
1	91	792.12
1	92	3020.11
1	93	765.21
1	94	965.55
1	95	95.96
1	96	2882.76
1	97	737.11
1	98	229.48
1	99	617.82
1	100	1248.57
2	1	2606.93
2	3	3153.62
2	4	1013.45
2	5	3182.54
2	6	932.07
2	7	1479.72
2	8	3056.21
2	9	2096.85
2	10	2886.17
2	11	3328.1
2	12	2435.43
2	13	183.97
2	14	411.69
2	15	881.85
2	16	236.1
2	17	510.93
2	18	522.55
2	19	882.34
2	20	2273.84
2	21	2578.47
2	22	1244.03
2	23	1287.07
2	24	608.47
2	25	2091.02
2	26	2700.63
2	27	1987.91
2	28	3367.45
2	29	2958.18
2	30	2436.62
2	31	553.64
2	32	2797.62
2	33	707.0
2	34	1768.99
2	35	2031.98
2	36	604.2
2	37	1803.82
2	38	2291.3
2	39	3317.74
2	40	3187.12
2	41	664.82
2	42	216.95
2	43	936.4
2	44	1093.46
2	45	531.18
2	46	2148.35
2	47	2039.83
2	48	505.17
2	49	2546.69
2	50	673.03
2	51	940.71
2	52	1227.52
2	53	3354.73
2	54	1296.17
2	55	888.22
2	56	2637.28
2	57	1620.23
2	58	1445.01
2	59	2907.1
2	60	1253.51
2	61	1976.71
2	62	2881.48
2	63	394.32
2	64	464.66
2	65	2070.37
2	66	1433.63
2	67	3389.17
2	68	2826.45
2	69	2695.54
2	70	3424.84
2	71	2247.66
2	72	1801.75
2	73	3362.15
2	74	1347.86
2	75	2440.73
2	76	3046.3
2	77	488.67
2	78	259.01
2	79	2230.85
2	80	2279.9
2	81	2318.36
2	82	457.05
2	83	800.23
2	84	1456.93
2	85	3321.79
2	86	2543.68
2	87	1118.05
2	88	1282.62
2	89	906.89
2	90	2511.65
2	91	3325.89
2	92	830.72
2	93	3370.41
2	94	1716.61
2	95	2693.57
2	96	742.24
2	97	3188.22
2	98	2621.39
2	99	3074.83
2	100	2661.17
3	1	548.51
3	2	3153.62
3	4	2514.88
3	5	1413.27
3	6	2738.52
3	7	1678.96
3	8	369.41
3	9	1063.53
3	10	664.69
3	11	189.71
3	12	739.43
3	13	3337.28
3	14	2840.91
3	15	2996.23
3	16	2987.29
3	17	3496.68
3	18	3134.85
3	19	3547.56
3	20	1203.25
3	21	661.37
3	22	2496.9
3	23	2500.31
3	24	3003.09
3	25	1073.96
3	26	1416.94
3	27	1186.0
3	28	343.96
3	29	385.18
3	30	1225.4
3	31	3609.49
3	32	527.77
3	33	2952.13
3	34	1386.1
3	35	1291.6
3	36	3456.44
3	37	1627.88
3	38	1127.84
3	39	1020.68
3	40	1077.04
3	41	3646.1
3	42	3059.15
3	43	2221.13
3	44	3890.69
3	45	3397.41
3	46	1022.32
3	47	1908.88
3	48	3500.49
3	49	973.84
3	50	2536.92
3	51	3683.83
3	52	1964.99
3	53	810.7
3	54	1977.83
3	55	2579.17
3	56	1559.6
3	57	1545.62
3	58	1724.93
3	59	570.35
3	60	1946.15
3	61	1286.82
3	62	1422.53
3	63	3495.95
3	64	2893.62
3	65	1656.04
3	66	2018.44
3	67	1382.73
3	68	792.08
3	69	1263.8
3	70	1039.81
3	71	935.99
3	72	1555.31
3	73	497.4
3	74	1882.19
3	75	1277.45
3	76	525.22
3	77	2896.61
3	78	3344.21
3	79	1699.01
3	80	1233.2
3	81	1829.76
3	82	3112.01
3	83	2588.27
3	84	1704.24
3	85	409.7
3	86	953.3
3	87	2150.88
3	88	2383.61
3	89	2260.86
3	90	664.23
3	91	359.3
3	92	3562.09
3	93	241.92
3	94	1485.09
3	95	460.05
3	96	3425.21
3	97	450.57
3	98	571.11
3	99	403.11
3	100	1498.97
4	1	2009.49
4	2	1013.45
4	3	2514.88
4	5	2976.09
4	6	223.97
4	7	1078.89
4	8	2325.0
4	9	1572.47
4	10	2448.64
4	11	2702.99
4	12	1777.99
4	13	1160.54
4	14	604.69
4	15	481.41
4	16	1028.58
4	17	1521.22
4	18	1389.51
4	19	1843.26
4	20	1990.51
4	21	2076.17
4	22	1621.97
4	23	1667.45
4	24	1375.18
4	25	1581.09
4	26	2538.5
4	27	1348.75
4	28	2652.13
4	29	2235.45
4	30	2190.81
4	31	1230.94
4	32	2063.15
4	33	464.7
4	34	1271.53
4	35	1244.0
4	36	1591.8
4	37	1660.09
4	38	1969.26
4	39	2966.85
4	40	2870.97
4	41	1677.81
4	42	811.47
4	43	792.32
4	44	2096.81
4	45	1515.36
4	46	1642.46
4	47	2096.47
4	48	1106.52
4	49	2199.69
4	50	943.51
4	51	1179.55
4	52	1046.98
4	53	2932.6
4	54	1225.68
4	55	1307.14
4	56	2532.24
4	57	1039.11
4	58	1105.07
4	59	2137.99
4	60	652.1
4	61	1230.57
4	62	2710.26
4	63	1179.65
4	64	559.36
4	65	1999.51
4	66	519.87
4	67	3142.41
4	68	2432.12
4	69	2475.6
4	70	3063.19
4	71	1582.21
4	72	1598.26
4	73	2840.94
4	74	666.51
4	75	2218.88
4	76	2275.62
4	77	1183.09
4	78	1272.44
4	79	2190.8
4	80	2014.43
4	81	2335.94
4	82	706.23
4	83	221.05
4	84	1077.05
4	85	2780.46
4	86	2186.74
4	87	420.02
4	88	1584.46
4	89	583.13
4	90	1962.73
4	91	2600.03
4	92	1805.66
4	93	2752.56
4	94	1045.54
4	95	2076.69
4	96	1692.03
4	97	2431.72
4	98	1944.94
4	99	2333.33
4	100	2531.82
5	1	1367.89
5	2	3182.54
5	3	1413.27
5	4	2976.09
5	6	3180.46
5	7	1898.64
5	8	1742.22
5	9	1499.72
5	10	805.45
5	11	1386.18
5	12	1598.69
5	13	3344.34
5	14	3023.75
5	15	3411.29
5	16	2958.75
5	17	3335.3
5	18	2934.33
5	19	3208.97
5	20	985.64
5	21	1130.69
5	22	2083.77
5	23	2060.1
5	24	2781.24
5	25	1478.62
5	26	483.76
5	27	1791.23
5	28	1732.56
5	29	1706.31
5	30	786.3
5	31	3726.6
5	32	1752.31
5	33	3295.36
5	34	1728.98
5	35	2096.23
5	36	3235.88
5	37	1387.73
5	38	1012.98
5	39	465.15
5	40	345.65
5	41	3447.63
5	42	3183.01
5	43	2335.63
5	44	3534.13
5	45	3202.14
5	46	1427.13
5	47	1223.1
5	48	3649.46
5	49	816.63
5	50	2512.43
5	51	3976.54
5	52	2017.03
5	53	699.12
5	54	1900.04
5	55	2350.36
5	56	578.01
5	57	1971.14
5	58	1882.03
5	59	1875.72
5	60	2325.02
5	61	2021.25
5	62	305.76
5	63	3575.11
5	64	3120.6
5	65	1118.28
5	66	2624.76
5	67	228.85
5	68	716.26
5	69	503.02
5	70	530.73
5	71	1701.79
5	72	1413.2
5	73	1029.01
5	74	2329.83
5	75	763.83
5	76	1892.34
5	77	2763.59
5	78	3280.33
5	79	984.59
5	80	962.18
5	81	969.28
5	82	3340.45
5	83	2941.04
5	84	1903.18
5	85	1090.81
5	86	837.07
5	87	2556.12
5	88	1994.84
5	89	2486.79
5	90	1282.81
5	91	1763.94
5	92	3251.06
5	93	1368.35
5	94	2031.31
5	95	1394.37
5	96	3133.91
5	97	1857.07
5	98	1592.38
5	99	1782.8
5	100	536.81
6	1	2233.32
6	2	932.07
6	3	2738.52
6	4	223.97
6	5	3180.46
6	7	1281.91
6	8	2545.38
6	9	1792.84
6	10	2668.07
6	11	2926.73
6	12	2001.89
6	13	1054.76
6	14	553.83
6	15	257.75
6	16	997.99
6	17	1441.98
6	18	1369.48
6	19	1799.35
6	20	2195.89
6	21	2297.55
6	22	1720.95
6	23	1767.49
6	24	1380.05
6	25	1800.74
6	26	2735.98
6	27	1572.37
6	28	2872.8
6	29	2456.54
6	30	2394.26
6	31	1058.8
6	32	2283.98
6	33	277.63
6	34	1487.66
6	35	1464.66
6	36	1531.87
6	37	1845.18
6	38	2178.03
6	39	3182.71
6	40	3084.12
6	41	1591.49
6	42	717.06
6	43	935.29
6	44	2025.44
6	45	1456.78
6	46	1862.25
6	47	2261.4
6	48	933.41
6	49	2412.16
6	50	1016.48
6	51	962.17
6	52	1217.54
6	53	3152.42
6	54	1387.29
6	55	1383.47
6	56	2723.31
6	57	1258.28
6	58	1301.41
6	59	2356.07
6	60	863.65
6	61	1453.55
6	62	2909.8
6	63	1029.85
6	64	468.92
6	65	2180.72
6	66	735.57
6	67	3351.03
6	68	2649.01
6	69	2678.58
6	70	3279.97
6	71	1806.15
6	72	1789.73
6	73	3064.18
6	74	886.49
6	75	2420.16
6	76	2493.13
6	77	1191.83
6	78	1187.01
6	79	2370.46
6	80	2218.29
6	81	2509.55
6	82	552.38
6	83	274.65
6	84	1277.51
6	85	3004.05
6	86	2399.9
6	87	631.02
6	88	1696.46
6	89	735.43
6	90	2185.49
6	91	2820.16
6	92	1754.33
6	93	2976.37
6	94	1268.97
6	95	2300.66
6	96	1651.61
6	97	2650.01
6	98	2168.38
6	99	2553.0
6	100	2725.66
7	1	1130.63
7	2	1479.72
7	3	1678.96
7	4	1078.89
7	5	1898.64
7	6	1281.91
7	8	1619.8
7	9	617.6
7	10	1436.55
7	11	1850.24
7	12	984.16
7	13	1662.51
7	14	1202.93
7	15	1516.28
7	16	1308.33
7	17	1823.7
7	18	1478.8
7	19	1921.32
7	20	914.07
7	21	1103.84
7	22	1053.36
7	23	1080.51
7	24	1360.2
7	25	611.3
7	26	1460.69
7	27	567.66
7	28	1914.5
7	29	1520.08
7	30	1112.62
7	31	1963.78
7	32	1374.19
7	33	1412.6
7	34	294.24
7	35	773.98
7	36	1795.48
7	37	618.06
7	38	899.4
7	39	1920.76
7	40	1812.4
7	41	1976.73
7	42	1405.0
7	43	543.66
7	44	2257.87
7	45	1732.17
7	46	668.92
7	47	1112.85
7	48	1864.2
7	49	1141.39
7	50	862.36
7	51	2122.94
7	52	313.03
7	53	1918.1
7	54	424.59
7	55	978.79
7	56	1461.59
7	57	266.31
7	58	81.71
7	59	1504.91
7	60	433.53
7	61	676.47
7	62	1631.5
7	63	1837.16
7	64	1278.15
7	65	958.79
7	66	809.65
7	67	2070.56
7	68	1397.01
7	69	1397.21
7	70	2022.22
7	71	814.33
7	72	536.68
7	73	1890.54
7	74	467.02
7	75	1140.0
7	76	1638.38
7	77	1231.79
7	78	1665.25
7	79	1150.28
7	80	936.48
7	81	1311.32
7	82	1503.0
7	83	1049.17
7	84	31.14
7	85	1846.12
7	86	1131.66
7	87	659.92
7	88	954.4
7	89	622.05
7	90	1031.93
7	91	1878.97
7	92	1924.8
7	93	1891.68
7	94	424.7
7	95	1219.8
7	96	1786.49
7	97	1763.83
7	98	1171.03
7	99	1644.28
7	100	1457.35
8	1	580.68
8	2	3056.21
8	3	369.41
8	4	2325.0
8	5	1742.22
8	6	2545.38
8	7	1619.8
8	9	1042.57
8	10	952.5
8	11	516.57
8	12	636.39
8	13	3239.92
8	14	2713.71
8	15	2801.98
8	16	2910.9
8	17	3438.8
8	18	3098.45
8	19	3534.59
8	20	1354.54
8	21	800.71
8	22	2544.08
8	23	2554.23
8	24	2977.1
8	25	1062.06
8	26	1678.51
8	27	1070.46
8	28	327.88
8	29	99.74
8	30	1426.4
8	31	3476.33
8	32	263.01
8	33	2778.18
8	34	1328.75
8	35	1081.0
8	36	3415.15
8	37	1706.3
8	38	1271.26
8	39	1376.2
8	40	1417.1
8	41	3593.95
8	42	2939.81
8	43	2144.36
8	44	3873.99
8	45	3351.22
8	46	1025.37
8	47	2064.07
8	48	3361.76
8	49	1181.33
8	50	2479.5
8	51	3504.16
8	52	1925.71
8	53	1175.25
8	54	1973.63
8	55	2573.99
8	56	1810.57
8	57	1437.42
8	58	1679.32
8	59	222.09
8	60	1812.7
8	61	1103.91
8	62	1712.55
8	63	3375.42
8	64	2752.63
8	65	1804.17
8	66	1811.47
8	67	1732.69
8	68	1068.82
8	69	1523.58
8	70	1402.85
8	71	811.53
8	72	1617.85
8	73	866.65
8	74	1732.92
8	75	1483.25
8	76	156.6
8	77	2851.43
8	78	3265.22
8	79	1881.43
8	80	1391.06
8	81	2030.19
8	82	2963.34
8	83	2425.18
8	84	1648.44
8	85	778.95
8	86	1157.09
8	87	1995.37
8	88	2431.16
8	89	2150.09
8	90	729.54
8	91	275.36
8	92	3541.53
8	93	568.56
8	94	1343.82
8	95	489.88
8	96	3403.31
8	97	156.54
8	98	451.37
8	99	41.77
8	100	1753.92
9	1	515.2
9	2	2096.85
9	3	1063.53
9	4	1572.47
9	5	1499.72
9	6	1792.84
9	7	617.6
9	8	1042.57
9	10	876.95
9	11	1232.83
9	12	420.03
9	13	2279.86
9	14	1805.05
9	15	2044.12
9	16	1924.9
9	17	2433.53
9	18	2075.76
9	19	2499.85
9	20	595.61
9	21	506.91
9	22	1507.19
9	23	1520.15
9	24	1947.77
9	25	30.15
9	26	1156.75
9	27	293.96
9	28	1316.14
9	29	944.01
9	30	784.02
9	31	2571.57
9	32	822.25
9	33	1968.43
9	34	330.0
9	35	620.79
9	36	2396.31
9	37	715.67
9	38	528.56
9	39	1407.3
9	40	1328.44
9	41	2583.77
9	42	2015.02
9	43	1161.21
9	44	2841.29
9	45	2336.01
9	46	73.76
9	47	1173.48
9	48	2467.97
9	49	683.23
9	50	1473.4
9	51	2695.3
9	52	902.59
9	53	1360.24
9	54	932.64
9	55	1534.83
9	56	1220.06
9	57	535.41
9	58	661.4
9	59	970.28
9	60	941.28
9	61	532.2
9	62	1292.36
9	63	2449.71
9	64	1869.99
9	65	927.48
9	66	1149.8
9	67	1627.55
9	68	870.9
9	69	1041.16
9	70	1498.87
9	71	329.24
9	72	613.29
9	73	1288.77
9	74	906.37
9	75	834.88
9	76	1090.49
9	77	1834.83
9	78	2281.8
9	79	1074.36
9	80	635.94
9	81	1249.06
9	82	2093.27
9	83	1598.56
9	84	641.81
9	85	1238.37
9	86	663.62
9	87	1167.52
9	88	1395.13
9	89	1220.15
9	90	416.06
9	91	1286.4
9	92	2510.24
9	93	1274.08
9	94	547.27
9	95	606.88
9	96	2372.5
9	97	1194.81
9	98	593.62
9	99	1072.5
9	100	1189.84
10	1	582.07
10	2	2886.17
10	3	664.69
10	4	2448.64
10	5	805.45
10	6	2668.07
10	7	1436.55
10	8	952.5
10	9	876.95
10	11	708.83
10	12	834.2
10	13	3064.23
10	14	2638.35
10	15	2917.6
10	16	2689.07
10	17	3153.0
10	18	2766.11
10	19	3132.75
10	20	669.48
10	21	389.34
10	22	2023.23
10	23	2017.01
10	24	2621.83
10	25	867.55
10	26	753.05
10	27	1133.03
10	28	1007.12
10	29	907.24
10	30	614.95
10	31	3393.34
10	32	946.88
10	33	2834.33
10	34	1184.92
10	35	1388.04
10	36	3087.12
10	37	1158.94
10	38	620.92
10	39	550.84
10	40	518.12
10	41	3289.84
10	42	2833.96
10	43	1960.61
10	44	3475.13
10	45	3037.29
10	46	806.23
10	47	1317.36
10	48	3297.46
10	49	385.65
10	50	2225.02
10	51	3555.04
10	52	1658.67
10	53	484.81
10	54	1611.46
10	55	2180.44
10	56	897.83
10	57	1409.82
10	58	1453.11
10	59	1071.85
10	60	1810.27
10	61	1332.9
10	62	763.1
10	63	3259.68
10	64	2714.6
10	65	1084.26
10	66	2019.31
10	67	845.7
10	68	129.32
10	69	601.11
10	70	631.05
10	71	975.16
10	72	1119.49
10	73	515.14
10	74	1782.16
10	75	657.37
10	76	1097.1
10	77	2549.55
10	78	3039.43
10	79	1085.09
10	80	684.51
10	81	1195.42
10	82	2939.42
10	83	2465.18
10	84	1452.82
10	85	511.41
10	86	376.09
10	87	2039.92
10	88	1913.79
10	89	2058.51
10	90	533.88
10	91	1023.54
10	92	3158.4
10	93	715.55
10	94	1419.4
10	95	594.42
10	96	3026.49
10	97	1080.93
10	98	796.84
10	99	993.99
10	100	836.3
11	1	721.5
11	2	3328.1
11	3	189.71
11	4	2702.99
11	5	1386.18
11	6	2926.73
11	7	1850.24
11	8	516.57
11	9	1232.83
11	10	708.83
11	12	925.99
11	13	3511.47
11	14	3021.27
11	15	3184.39
11	16	3157.62
11	17	3661.7
11	18	3295.04
11	19	3700.18
11	20	1311.86
11	21	796.16
11	22	2633.39
11	23	2634.37
11	24	3160.78
11	25	1241.07
11	26	1454.39
11	27	1369.84
11	28	355.81
11	29	554.42
11	30	1307.46
11	31	3789.93
11	32	708.88
11	33	3138.55
11	34	1559.14
11	35	1481.31
11	36	3617.25
11	37	1759.79
11	38	1242.01
11	39	959.44
11	40	1041.64
11	41	3809.43
11	42	3237.88
11	43	2393.58
11	44	4043.77
11	45	3559.63
11	46	1186.84
11	47	2004.3
11	48	3681.91
11	49	1059.84
11	50	2704.05
11	51	3870.41
11	52	2130.1
11	53	730.99
11	54	2133.65
11	55	2732.26
11	56	1602.43
11	57	1726.46
11	58	1892.94
11	59	732.61
11	60	2129.16
11	61	1475.85
11	62	1436.23
11	63	3674.35
11	64	3076.02
11	65	1757.96
11	66	2207.76
11	67	1325.52
11	68	837.8
11	69	1305.93
11	70	959.34
11	71	1122.5
11	72	1693.86
11	73	388.66
11	74	2067.31
11	75	1355.44
11	76	663.85
11	77	3059.69
11	78	3514.48
11	79	1782.77
11	80	1337.96
11	81	1901.65
11	82	3295.26
11	83	2773.85
11	84	1874.64
11	85	307.53
11	86	1042.25
11	87	2336.2
11	88	2520.57
11	89	2439.62
11	90	823.66
11	91	400.28
11	92	3716.92
11	93	53.85
11	94	1670.43
11	95	638.25
11	96	3580.71
11	97	554.1
11	98	760.38
11	99	542.26
11	100	1539.9
12	1	262.86
12	2	2435.43
12	3	739.43
12	4	1777.99
12	5	1598.69
12	6	2001.89
12	7	984.16
12	8	636.39
12	9	420.03
12	10	834.2
12	11	925.99
12	13	2619.39
12	14	2108.78
12	15	2259.38
12	16	2281.94
12	17	2805.8
12	18	2462.38
12	19	2898.51
12	20	883.53
12	21	468.02
12	22	1926.55
12	23	1939.98
12	24	2340.72
12	25	443.9
12	26	1363.74
12	27	450.56
12	28	933.64
12	29	536.66
12	30	1025.0
12	31	2876.45
12	32	403.07
12	33	2212.77
12	34	692.41
12	35	584.13
12	36	2779.63
12	37	1124.11
12	38	800.19
12	39	1381.55
12	40	1348.75
12	41	2960.01
12	42	2330.31
12	43	1513.88
12	44	3237.68
12	45	2716.23
12	46	421.34
12	47	1547.81
12	48	2765.73
12	49	833.07
12	50	1845.3
12	51	2944.55
12	52	1289.32
12	53	1265.68
12	54	1341.34
12	55	1939.62
12	56	1462.19
12	57	816.41
12	58	1042.94
12	59	550.28
12	60	1210.03
12	61	558.46
12	62	1459.82
12	63	2767.25
12	64	2157.61
12	65	1291.13
12	66	1290.09
12	67	1673.53
12	68	889.5
12	69	1221.89
12	70	1452.14
12	71	196.57
12	72	1025.85
12	73	1092.14
12	74	1143.19
12	75	1083.03
12	76	671.68
12	77	2215.95
12	78	2637.61
12	79	1410.48
12	80	925.2
12	81	1578.15
12	82	2374.64
12	83	1848.91
12	84	1012.53
12	85	1021.83
12	86	807.49
12	87	1411.69
12	88	1814.72
12	89	1533.86
12	90	316.08
12	91	895.68
12	92	2905.16
12	93	974.92
12	94	746.08
12	95	305.1
12	96	2766.94
12	97	783.76
12	98	187.22
12	99	662.62
12	100	1418.34
13	1	2790.41
13	2	183.97
13	3	3337.28
13	4	1160.54
13	5	3344.34
13	6	1054.76
13	7	1662.51
13	8	3239.92
13	9	2279.86
13	10	3064.23
13	11	3511.47
13	12	2619.39
13	14	572.66
13	15	965.17
13	16	385.66
13	17	410.48
13	18	564.16
13	19	828.07
13	20	2446.42
13	21	2759.83
13	22	1366.52
13	23	1407.37
13	24	683.39
13	25	2273.77
13	26	2861.4
13	27	2171.81
13	28	3551.37
13	29	3141.94
13	30	2605.66
13	31	431.34
13	32	2981.15
13	33	805.45
13	34	1952.33
13	35	2212.78
13	36	540.01
13	37	1971.56
13	38	2466.0
13	39	3489.73
13	40	3357.26
13	41	544.1
13	42	349.36
13	43	1118.94
13	44	988.53
13	45	478.22
13	46	2330.86
13	47	2185.84
13	48	421.88
13	49	2721.43
13	50	843.94
13	51	881.78
13	52	1406.19
13	53	3530.8
13	54	1467.53
13	55	1023.29
13	56	2793.38
13	57	1804.14
13	58	1626.6
13	59	3090.01
13	60	1435.62
13	61	2158.81
13	62	3041.88
13	63	265.24
13	64	601.64
13	65	2228.83
13	66	1601.84
13	67	3553.4
13	68	3002.59
13	69	2861.05
13	70	3597.2
13	71	2431.55
13	72	1973.54
13	73	3542.69
13	74	1528.65
13	75	2608.04
13	76	3229.29
13	77	606.93
13	78	169.57
13	79	2384.53
13	80	2451.33
13	81	2465.06
13	82	529.14
13	83	954.86
13	84	1639.42
13	85	3503.09
13	86	2718.97
13	87	1294.35
13	88	1415.56
13	89	1090.24
13	90	2694.38
13	91	3509.74
13	92	766.55
13	93	3553.63
13	94	1899.72
13	95	2877.23
13	96	705.03
13	97	3371.61
13	98	2805.35
13	99	3258.4
13	100	2819.33
14	1	2301.46
14	2	411.69
14	3	2840.91
14	4	604.69
14	5	3023.75
14	6	553.83
14	7	1202.93
14	8	2713.71
14	9	1805.05
14	10	2638.35
14	11	3021.27
14	12	2108.78
14	13	572.66
14	15	585.31
14	16	444.21
14	17	916.67
14	18	815.99
14	19	1249.61
14	20	2070.03
14	21	2303.78
14	22	1282.81
14	23	1329.57
14	24	835.01
14	25	1803.73
14	26	2551.8
14	27	1658.23
14	28	3031.96
14	29	2617.5
14	30	2250.59
14	31	768.67
14	32	2452.05
14	33	400.82
14	34	1475.45
14	35	1662.7
14	36	989.85
14	37	1637.75
14	38	2073.76
14	39	3106.29
14	40	2986.99
14	41	1074.01
14	42	231.91
14	43	691.1
14	44	1492.77
14	45	913.71
14	46	1863.82
14	47	1964.2
14	48	662.92
14	49	2325.61
14	50	581.29
14	51	955.16
14	52	1009.38
14	53	3117.85
14	54	1129.14
14	55	920.78
14	56	2509.72
14	57	1295.29
14	58	1186.57
14	59	2552.22
14	60	901.41
14	61	1617.23
14	62	2732.11
14	63	662.07
14	64	121.24
14	65	1942.91
14	66	1029.53
14	67	3217.39
14	68	2593.08
14	69	2524.38
14	70	3210.56
14	71	1915.62
14	72	1612.48
14	73	3090.55
14	74	983.25
14	75	2263.85
14	76	2691.92
14	77	652.49
14	78	669.79
14	79	2120.43
14	80	2082.86
14	81	2233.81
14	82	318.03
14	83	388.86
14	84	1185.65
14	85	3042.94
14	86	2318.96
14	87	733.5
14	88	1285.4
14	89	584.93
14	90	2220.41
14	91	2986.86
14	92	1207.76
14	93	3066.29
14	94	1370.43
14	95	2383.06
14	96	1100.43
14	97	2838.97
14	98	2291.44
14	99	2729.35
14	100	2524.45
15	1	2489.77
15	2	881.85
15	3	2996.23
15	4	481.41
15	5	3411.29
15	6	257.75
15	7	1516.28
15	8	2801.98
15	9	2044.12
15	10	2917.6
15	11	3184.39
15	12	2259.38
15	13	965.17
15	14	585.31
15	16	1005.92
15	17	1372.07
15	18	1373.05
15	19	1764.08
15	20	2429.39
15	21	2549.87
15	22	1846.62
15	23	1893.57
15	24	1411.76
15	25	2051.12
15	26	2959.59
15	27	1828.42
15	28	3129.53
15	29	2713.52
15	30	2625.21
15	31	875.0
15	32	2540.85
15	33	185.69
15	34	1734.43
15	35	1721.59
15	36	1483.27
15	37	2058.38
15	38	2415.34
15	39	3427.37
15	40	3325.49
15	41	1509.02
15	42	668.68
15	43	1121.54
15	44	1953.55
15	45	1411.86
15	46	2112.74
15	47	2451.2
15	48	752.37
15	49	2653.34
15	50	1134.58
15	51	711.25
15	52	1422.21
15	53	3402.29
15	54	1581.11
15	55	1492.32
15	56	2939.76
15	57	1508.82
15	58	1529.27
15	59	2611.32
15	60	1108.54
15	61	1711.28
15	62	3135.43
15	63	880.0
15	64	469.2
15	65	2388.21
15	66	991.0
15	67	3586.71
15	68	2895.32
15	69	2908.49
15	70	3525.78
15	71	2063.54
15	72	2009.78
15	73	3319.26
15	74	1138.7
15	75	2648.65
15	76	2747.97
15	77	1234.71
15	78	1117.98
15	79	2575.53
15	80	2450.07
15	81	2707.55
15	82	436.11
15	83	471.15
15	84	1509.45
15	85	3259.83
15	86	2641.91
15	87	877.71
15	88	1836.1
15	89	936.86
15	90	2439.9
15	91	3076.59
15	92	1711.08
15	93	3233.97
15	94	1524.78
15	95	2557.74
15	96	1623.54
15	97	2905.32
15	98	2426.12
15	99	2809.19
15	100	2945.2
16	1	2438.9
16	2	236.1
16	3	2987.29
16	4	1028.58
16	5	2958.75
16	6	997.99
16	7	1308.33
16	8	2910.9
16	9	1924.9
16	10	2689.07
16	11	3157.62
16	12	2281.94
16	13	385.66
16	14	444.21
16	15	1005.92
16	17	544.45
16	18	372.09
16	19	814.83
16	20	2064.3
16	21	2394.41
16	22	1008.73
16	23	1052.11
16	24	411.13
16	25	1916.73
16	26	2475.9
16	27	1840.54
16	28	3215.57
16	29	2811.9
16	30	2221.23
16	31	788.73
16	32	2656.03
16	33	821.2
16	34	1601.71
16	35	1918.1
16	36	575.78
16	37	1586.8
16	38	2086.05
16	39	3106.77
16	40	2973.19
16	41	706.34
16	42	362.17
16	43	768.3
16	44	1085.02
16	45	499.81
16	46	1972.11
16	47	1806.37
16	48	740.33
16	49	2341.33
16	50	464.11
16	51	1166.67
16	52	1035.72
16	53	3152.03
16	54	1085.39
16	55	652.13
16	56	2408.98
16	57	1474.73
16	58	1265.35
16	59	2772.86
16	60	1137.75
16	61	1853.7
16	62	2656.44
16	63	627.09
16	64	543.0
16	65	1843.68
16	66	1380.84
16	67	3167.76
16	68	2624.17
16	69	2475.56
16	70	3214.49
16	71	2099.44
16	72	1591.1
16	73	3173.45
16	74	1240.8
16	75	2222.98
16	76	2910.96
16	77	260.45
16	78	356.93
16	79	2000.96
16	80	2068.31
16	81	2085.22
16	82	621.49
16	83	807.53
16	84	1283.22
16	85	3136.58
16	86	2339.56
16	87	1040.48
16	88	1046.53
16	89	784.78
16	90	2336.28
16	91	3176.81
16	92	779.63
16	93	3198.22
16	94	1585.45
16	95	2528.04
16	96	663.45
16	97	3047.84
16	98	2468.99
16	99	2931.82
16	100	2434.33
17	1	2948.69
17	2	510.93
17	3	3496.68
17	4	1521.22
17	5	3335.3
17	6	1441.98
17	7	1823.7
17	8	3438.8
17	9	2433.53
17	10	3153.0
17	11	3661.7
17	12	2805.8
17	13	410.48
17	14	916.67
17	15	1372.07
17	16	544.45
17	18	400.98
17	19	434.22
17	20	2504.28
17	21	2883.75
17	22	1267.98
17	23	1300.18
17	24	554.2
17	25	2422.74
17	26	2852.9
17	27	2370.55
17	28	3737.95
17	29	3339.37
17	30	2640.98
17	31	743.5
17	32	3186.88
17	33	1206.39
17	34	2117.83
17	35	2460.91
17	36	159.67
17	37	2012.1
17	38	2537.05
17	39	3532.47
17	40	3390.26
17	41	162.27
17	42	724.95
17	43	1295.73
17	44	584.23
17	45	143.89
17	46	2475.33
17	47	2130.64
17	48	784.39
17	49	2789.17
17	50	961.38
17	51	1237.67
17	52	1531.88
17	53	3600.24
17	54	1543.62
17	55	990.14
17	56	2765.87
17	57	2007.75
17	58	1772.52
17	59	3307.5
17	60	1681.5
17	61	2394.48
17	62	3029.59
17	63	604.19
17	64	975.53
17	65	2220.63
17	66	1915.9
17	67	3553.95
17	68	3077.04
17	69	2874.72
17	70	3641.35
17	71	2627.79
17	72	2035.9
17	73	3650.77
17	74	1785.13
17	75	2634.21
17	76	3444.81
17	77	604.73
17	78	255.79
17	79	2353.77
17	80	2502.29
17	81	2406.71
17	82	936.28
17	83	1304.85
17	84	1796.61
17	85	3620.03
17	86	2790.53
17	87	1581.77
17	88	1344.98
17	89	1328.71
17	90	2838.05
17	91	3701.45
17	92	366.29
17	93	3700.06
17	94	2124.32
17	95	3040.07
17	96	341.34
17	97	3578.63
17	98	2993.0
17	99	3461.19
17	100	2800.04
18	1	2589.15
18	2	522.55
18	3	3134.85
18	4	1389.51
18	5	2934.33
18	6	1369.48
18	7	1478.8
18	8	3098.45
18	9	2075.76
18	10	2766.11
18	11	3295.04
18	12	2462.38
18	13	564.16
18	14	815.99
18	15	1373.05
18	16	372.09
18	17	400.98
18	19	474.65
18	20	2111.85
18	21	2509.58
18	22	871.28
18	23	905.49
18	24	153.38
18	25	2062.76
18	26	2451.99
18	27	2039.37
18	28	3388.99
18	29	2998.71
18	30	2244.02
18	31	991.25
18	32	2852.33
18	33	1189.58
18	34	1770.15
18	35	2165.0
18	36	322.6
18	37	1618.13
18	38	2147.61
18	39	3135.24
18	40	2991.91
18	41	524.38
18	42	712.16
18	43	979.62
18	44	789.01
18	45	272.18
18	46	2112.72
18	47	1730.98
18	48	984.65
18	49	2398.02
18	50	630.5
18	51	1441.42
18	52	1174.73
18	53	3207.63
18	54	1164.4
18	55	592.0
18	56	2365.05
18	57	1685.9
18	58	1420.21
18	59	2979.85
18	60	1402.19
18	61	2089.45
18	62	2628.61
18	63	827.02
18	64	914.25
18	65	1820.02
18	66	1699.53
18	67	3153.12
18	68	2686.65
18	69	2474.92
18	70	3244.2
18	71	2291.98
18	72	1646.88
18	73	3268.25
18	74	1511.74
18	75	2236.0
18	76	3114.96
18	77	253.4
18	78	419.32
18	79	1952.91
18	80	2108.42
18	81	2007.76
18	82	969.89
18	83	1169.11
18	84	1450.02
18	85	3240.51
18	86	2400.29
18	87	1347.53
18	88	944.93
18	89	1060.35
18	90	2472.38
18	91	3355.55
18	92	458.7
18	93	3331.63
18	94	1815.42
18	95	2682.22
18	96	324.6
18	97	3242.52
18	98	2648.84
18	99	3123.08
18	100	2399.08
19	1	3007.58
19	2	882.34
19	3	3547.56
19	4	1843.26
19	5	3208.97
19	6	1799.35
19	7	1921.32
19	8	3534.59
19	9	2499.85
19	10	3132.75
19	11	3700.18
19	12	2898.51
19	13	828.07
19	14	1249.61
19	15	1764.08
19	16	814.83
19	17	434.22
19	18	474.65
19	20	2466.26
19	21	2906.67
19	22	1132.55
19	23	1151.5
19	24	563.69
19	25	2484.33
19	26	2736.13
19	27	2487.43
19	28	3815.96
19	29	3434.94
19	30	2575.31
19	31	1176.24
19	32	3294.12
19	33	1588.69
19	34	2207.27
19	35	2629.91
19	36	288.09
19	37	1973.82
19	38	2512.07
19	39	3457.12
19	40	3306.85
19	41	389.4
19	42	1097.56
19	43	1444.68
19	44	343.74
19	45	353.74
19	46	2530.55
19	47	1986.0
19	48	1218.24
19	49	2754.12
19	50	1095.75
19	51	1671.7
19	52	1610.61
19	53	3552.15
19	54	1570.43
19	55	968.4
19	56	2631.28
19	57	2141.87
19	58	1856.92
19	59	3426.23
19	60	1873.99
19	61	2551.21
19	62	2905.25
19	63	1038.29
19	64	1331.92
19	65	2122.19
19	66	2173.21
19	67	3434.27
19	68	3042.94
19	69	2780.64
19	70	3565.93
19	71	2735.28
19	72	2019.62
19	73	3643.4
19	74	1984.15
19	75	2559.06
19	76	3559.38
19	77	724.09
19	78	660.11
19	79	2227.01
19	80	2457.02
19	81	2249.43
19	82	1334.66
19	83	1622.24
19	84	1891.46
19	85	3622.67
19	86	2759.5
19	87	1821.92
19	88	1232.75
19	89	1534.51
19	90	2883.34
19	91	3785.72
19	92	73.78
19	93	3733.87
19	94	2276.78
19	95	3102.19
19	96	152.32
19	97	3681.77
19	98	3083.38
19	99	3561.07
19	100	2673.23
20	1	783.17
20	2	2273.84
20	3	1203.25
20	4	1990.51
20	5	985.64
20	6	2195.89
20	7	914.07
20	8	1354.54
20	9	595.61
20	10	669.48
20	11	1311.86
20	12	883.53
20	13	2446.42
20	14	2070.03
20	15	2429.39
20	16	2064.3
20	17	2504.28
20	18	2111.85
20	19	2466.26
20	21	557.61
20	22	1353.77
20	23	1347.97
20	24	1964.81
20	25	567.61
20	26	576.34
20	27	882.03
20	28	1532.49
20	29	1272.09
20	30	204.63
20	31	2801.3
20	32	1216.89
20	33	2319.27
20	34	754.82
20	35	1215.3
20	36	2430.71
20	37	494.65
20	38	85.09
20	39	1043.99
20	40	917.71
20	41	2636.22
20	42	2246.47
20	43	1379.1
20	44	2807.95
20	45	2383.91
20	46	535.99
20	47	711.8
20	48	2714.48
20	49	287.92
20	50	1602.49
20	51	3014.58
20	52	1062.24
20	53	1096.01
20	54	979.02
20	55	1521.92
20	56	625.48
20	57	995.35
20	58	902.12
20	59	1371.75
20	60	1339.4
20	61	1123.01
20	62	732.07
20	63	2658.36
20	64	2159.78
20	65	454.37
20	66	1652.05
20	67	1157.89
20	68	577.04
20	69	487.76
20	70	1151.0
20	71	890.02
20	72	473.24
20	73	1184.12
20	74	1346.58
20	75	245.93
20	76	1457.02
20	77	1905.03
20	78	2407.0
20	79	533.82
20	80	42.01
20	81	696.32
20	82	2382.81
20	83	1960.45
20	84	919.94
20	85	1173.25
20	86	293.82
20	87	1570.51
20	88	1244.35
20	89	1513.94
20	90	635.3
20	91	1526.85
20	92	2493.66
20	93	1333.27
20	94	1074.04
20	95	866.97
20	96	2363.1
20	97	1508.85
20	98	985.05
20	99	1393.77
20	100	598.9
21	1	258.09
21	2	2578.47
21	3	661.37
21	4	2076.17
21	5	1130.69
21	6	2297.55
21	7	1103.84
21	8	800.71
21	9	506.91
21	10	389.34
21	11	796.16
21	12	468.02
21	13	2759.83
21	14	2303.78
21	15	2549.87
21	16	2394.41
21	17	2883.75
21	18	2509.58
21	19	2906.67
21	20	557.61
21	22	1838.64
21	23	1840.81
21	24	2372.27
21	25	503.24
21	26	926.05
21	27	746.23
21	28	979.42
21	29	723.11
21	30	630.89
21	31	3067.29
21	32	694.1
21	33	2475.32
21	34	830.76
21	35	1000.56
21	36	2832.18
21	37	967.16
21	38	476.69
21	39	938.78
21	40	889.27
21	41	3028.05
21	42	2508.78
21	43	1643.12
21	44	3250.39
21	45	2776.82
21	46	441.94
21	47	1269.4
21	48	2966.3
21	49	398.03
21	50	1934.09
21	51	3201.75
21	52	1359.08
21	53	861.96
21	54	1345.35
21	55	1939.86
21	56	1041.48
21	57	1041.88
21	58	1133.48
21	59	843.32
21	60	1448.19
21	61	943.63
21	62	1003.67
21	63	2940.76
21	64	2372.54
21	65	1011.23
21	66	1634.64
21	67	1210.52
21	68	424.35
21	69	776.54
21	70	1020.37
21	71	589.29
21	72	898.01
21	73	786.92
21	74	1411.32
21	75	688.9
21	76	912.92
21	77	2279.48
21	78	2749.66
21	79	1080.77
21	80	592.44
21	81	1230.5
21	82	2596.5
21	83	2105.45
21	84	1124.18
21	85	743.33
21	86	372.24
21	87	1674.04
21	88	1725.59
21	89	1719.34
21	90	152.69
21	91	970.82
21	92	2925.01
21	93	827.67
21	94	1038.01
21	95	322.94
21	96	2789.48
21	97	953.47
21	98	486.37
21	99	840.79
21	100	990.69
22	1	1980.49
22	2	1244.03
22	3	2496.9
22	4	1621.97
22	5	2083.77
22	6	1720.95
22	7	1053.36
22	8	2544.08
22	9	1507.19
22	10	2023.23
22	11	2633.39
22	12	1926.55
22	13	1366.52
22	14	1282.81
22	15	1846.62
22	16	1008.73
22	17	1267.98
22	18	871.28
22	19	1132.55
22	20	1353.77
22	21	1838.64
22	23	46.96
22	24	719.34
22	25	1485.13
22	26	1606.75
22	27	1586.6
22	28	2793.78
22	29	2446.99
22	30	1447.75
22	31	1791.14
22	32	2329.34
22	33	1671.35
22	34	1280.64
22	35	1827.16
22	36	1156.6
22	37	874.65
22	38	1408.21
22	39	2325.16
22	40	2174.38
22	41	1368.66
22	42	1334.96
22	43	857.43
22	44	1467.71
22	45	1129.25
22	46	1518.81
22	47	866.23
22	48	1748.99
22	49	1639.46
22	50	712.15
22	51	2167.44
22	52	775.67
22	53	2426.15
22	54	628.86
22	55	366.08
22	56	1508.3
22	57	1318.25
22	58	972.43
22	59	2475.88
22	60	1250.11
22	61	1728.36
22	62	1778.66
22	63	1626.07
22	64	1403.8
22	65	989.74
22	66	1667.74
22	67	2307.07
22	68	1925.94
22	69	1648.1
22	70	2433.87
22	71	1797.96
22	72	941.59
22	73	2537.81
22	74	1351.69
22	75	1428.88
22	76	2597.68
22	77	760.5
22	78	1261.34
22	79	1099.3
22	80	1340.1
22	81	1139.86
22	82	1570.07
22	83	1450.28
22	84	1023.07
22	85	2524.5
22	86	1647.29
22	87	1346.03
22	88	113.44
22	89	1060.18
22	90	1842.49
22	91	2772.55
22	92	1170.08
22	93	2661.85
22	94	1475.89
22	95	2076.43
22	96	1050.34
22	97	2698.45
22	98	2099.57
22	99	2576.02
22	100	1546.99
23	1	1987.9
23	2	1287.07
23	3	2500.31
23	4	1667.45
23	5	2060.1
23	6	1767.49
23	7	1080.51
23	8	2554.23
23	9	1520.15
23	10	2017.01
23	11	2634.37
23	12	1939.98
23	13	1407.37
23	14	1329.57
23	15	1893.57
23	16	1052.11
23	17	1300.18
23	18	905.49
23	19	1151.5
23	20	1347.97
23	21	1840.81
23	22	46.96
23	24	754.49
23	25	1497.47
23	26	1585.02
23	27	1607.49
23	28	2800.22
23	29	2457.58
23	30	1435.88
23	31	1833.0
23	32	2342.36
23	33	1718.3
23	34	1301.23
23	35	1853.56
23	36	1185.53
23	37	874.59
23	38	1404.59
23	39	2309.16
23	40	2157.35
23	41	1397.42
23	42	1380.32
23	43	900.28
23	44	1483.91
23	45	1160.42
23	46	1529.58
23	47	839.62
23	48	1792.17
23	49	1632.39
23	50	759.09
23	51	2212.21
23	52	808.69
23	53	2414.23
23	54	656.07
23	55	412.04
23	56	1483.54
23	57	1346.14
23	58	999.22
23	59	2489.86
23	60	1288.24
23	61	1753.98
23	62	1755.48
23	63	1667.7
23	64	1450.58
23	65	973.45
23	66	1707.42
23	67	2284.3
23	68	1917.74
23	69	1630.28
23	70	2417.7
23	71	1814.96
23	72	945.81
23	73	2531.97
23	74	1388.8
23	75	1415.27
23	76	2610.42
23	77	802.2
23	78	1299.69
23	79	1076.39
23	80	1332.92
23	81	1110.89
23	82	1616.21
23	83	1496.63
23	84	1050.51
23	85	2520.26
23	86	1640.92
23	87	1388.05
23	88	127.64
23	89	1104.01
23	90	1848.54
23	91	2780.0
23	92	1191.33
23	93	2662.02
23	94	1504.14
23	95	2083.75
23	96	1074.21
23	97	2709.03
23	98	2111.35
23	99	2586.65
23	100	1523.56
24	1	2459.22
24	2	608.47
24	3	3003.09
24	4	1375.18
24	5	2781.24
24	6	1380.05
24	7	1360.2
24	8	2977.1
24	9	1947.77
24	10	2621.83
24	11	3160.78
24	12	2340.72
24	13	683.39
24	14	835.01
24	15	1411.76
24	16	411.13
24	17	554.2
24	18	153.38
24	19	563.69
24	20	1964.81
24	21	2372.27
24	22	719.34
24	23	754.49
24	25	1933.65
24	26	2299.05
24	27	1925.1
24	28	3263.18
24	29	2877.37
24	30	2094.13
24	31	1114.6
24	32	2734.17
24	33	1226.22
24	34	1648.49
24	35	2067.43
24	36	465.9
24	37	1470.5
24	38	2002.3
24	39	2985.01
24	40	2840.99
24	41	673.03
24	42	772.12
24	43	883.7
24	44	897.67
24	45	422.57
24	46	1982.1
24	47	1577.73
24	48	1096.26
24	49	2251.57
24	50	536.9
24	51	1545.8
24	52	1051.41
24	53	3060.06
24	54	1027.37
24	55	443.02
24	56	2211.71
24	57	1578.19
24	58	1297.86
24	59	2864.72
24	60	1318.98
24	61	1987.87
24	62	2475.51
24	63	948.63
24	64	944.04
24	65	1667.48
24	66	1642.81
24	67	3000.28
24	68	2540.5
24	69	2323.04
24	70	3094.0
24	71	2174.53
24	72	1502.34
24	73	3126.04
24	74	1430.13
24	75	2085.29
24	76	2998.56
24	77	192.17
24	78	554.01
24	79	1799.59
24	80	1960.52
24	81	1854.67
24	82	1031.99
24	83	1158.42
24	84	1330.67
24	85	3099.85
24	86	2254.35
24	87	1287.47
24	88	791.64
24	89	989.16
24	90	2339.52
24	91	3231.23
24	92	564.65
24	93	3196.46
24	94	1713.44
24	95	2552.98
24	96	426.35
24	97	3122.98
24	98	2526.42
24	99	3002.77
24	100	2245.86
25	1	526.54
25	2	2091.02
25	3	1073.96
25	4	1581.09
25	5	1478.62
25	6	1800.74
25	7	611.3
25	8	1062.06
25	9	30.15
25	10	867.55
25	11	1241.07
25	12	443.9
25	13	2273.77
25	14	1803.73
25	15	2051.12
25	16	1916.73
25	17	2422.74
25	18	2062.76
25	19	2484.33
25	20	567.61
25	21	503.24
25	22	1485.13
25	23	1497.47
25	24	1933.65
25	26	1130.81
25	27	318.53
25	28	1331.83
25	29	963.87
25	30	757.51
25	31	2569.37
25	32	845.08
25	33	1972.93
25	34	328.47
25	35	648.01
25	36	2383.74
25	37	687.79
25	38	501.77
25	39	1393.98
25	40	1312.43
25	41	2572.28
25	42	2012.12
25	43	1154.84
25	44	2826.14
25	45	2323.98
25	46	61.68
25	47	1143.61
25	48	2466.63
25	49	662.65
25	50	1463.46
25	51	2698.63
25	52	891.06
25	53	1351.69
25	54	915.66
25	55	1518.33
25	56	1192.5
25	57	542.49
25	58	651.89
25	59	994.09
25	60	946.14
25	61	558.05
25	62	1268.06
25	63	2446.17
25	64	1870.34
25	65	897.37
25	66	1164.73
25	67	1609.22
25	68	857.36
25	69	1016.82
25	70	1486.65
25	71	358.8
25	72	586.08
25	73	1287.88
25	74	914.62
25	75	807.85
25	76	1112.96
25	77	1822.97
25	78	2273.53
25	79	1044.3
25	80	607.71
25	81	1219.03
25	82	2094.0
25	83	1603.11
25	84	634.57
25	85	1239.21
25	86	643.62
25	87	1173.84
25	88	1372.83
25	89	1218.83
25	90	420.63
25	91	1303.2
25	92	2495.48
25	93	1281.5
25	94	562.41
25	95	619.5
25	96	2357.89
25	97	1215.0
25	98	614.59
25	99	1092.6
25	100	1162.88
26	1	1184.12
26	2	2700.63
26	3	1416.94
26	4	2538.5
26	5	483.76
26	6	2735.98
26	7	1460.69
26	8	1678.51
26	9	1156.75
26	10	753.05
26	11	1454.39
26	12	1363.74
26	13	2861.4
26	14	2551.8
26	15	2959.59
26	16	2475.9
26	17	2852.9
26	18	2451.99
26	19	2736.13
26	20	576.34
26	21	926.05
26	22	1606.75
26	23	1585.02
26	24	2299.05
26	25	1130.81
26	27	1449.06
26	28	1760.01
26	29	1617.94
26	30	374.83
26	31	3246.22
26	32	1615.61
26	33	2836.24
26	34	1329.11
26	35	1776.45
26	36	2755.39
26	37	914.16
26	38	630.25
26	39	765.54
26	40	605.56
26	41	2966.9
26	42	2705.54
26	43	1867.49
26	44	3065.02
26	45	2720.48
26	46	1090.25
26	47	756.37
26	48	3170.94
26	49	532.43
26	50	2031.83
26	51	3506.34
26	52	1550.34
26	53	934.43
26	54	1424.24
26	55	1866.94
26	56	152.04
26	57	1567.9
26	58	1434.77
26	59	1759.73
26	60	1893.2
26	61	1688.82
26	62	181.07
26	63	3093.7
26	64	2651.47
26	65	634.53
26	66	2224.26
26	67	701.5
26	68	624.89
26	69	154.99
26	70	868.12
26	71	1418.41
26	72	950.49
26	73	1179.27
26	74	1910.14
26	75	330.85
26	76	1811.31
26	77	2279.84
26	78	2796.58
26	79	509.48
26	80	542.61
26	81	530.9
26	82	2869.36
26	83	2488.44
26	84	1461.48
26	85	1210.67
26	86	558.36
26	87	2120.48
26	88	1515.07
26	89	2027.57
26	90	1060.99
26	91	1774.88
26	92	2776.22
26	93	1454.47
26	94	1650.35
26	95	1240.8
26	96	2656.96
26	97	1817.73
26	98	1412.03
26	99	1720.26
26	100	88.39
27	1	661.79
27	2	1987.91
27	3	1186.0
27	4	1348.75
27	5	1791.23
27	6	1572.37
27	7	567.66
27	8	1070.46
27	9	293.96
27	10	1133.03
27	11	1369.84
27	12	450.56
27	13	2171.81
27	14	1658.23
27	15	1828.42
27	16	1840.54
27	17	2370.55
27	18	2039.37
27	19	2487.43
27	20	882.03
27	21	746.23
27	22	1586.6
27	23	1607.49
27	24	1925.1
27	25	318.53
27	26	1449.06
27	28	1379.59
27	29	971.66
27	30	1075.23
27	31	2426.01
27	32	816.33
27	33	1771.84
27	34	306.32
27	35	336.94
27	36	2352.37
27	37	902.92
27	38	819.33
27	39	1676.2
27	40	1607.37
27	41	2526.89
27	42	1879.93
27	43	1074.99
27	44	2822.39
27	45	2286.69
27	46	364.8
27	47	1397.9
27	48	2315.65
27	49	974.68
27	50	1414.31
27	51	2503.68
27	52	880.61
27	53	1607.77
27	54	967.92
27	55	1545.35
27	56	1507.49
27	57	367.69
27	58	638.14
27	59	940.48
27	60	760.32
27	61	241.02
27	62	1586.26
27	63	2316.83
27	64	1707.99
27	65	1168.08
27	66	889.09
27	67	1912.94
27	68	1143.5
27	69	1335.04
27	70	1762.84
27	71	259.76
27	72	795.06
27	73	1492.87
27	74	698.42
27	75	1124.64
27	76	1076.0
27	77	1789.38
27	78	2194.77
27	79	1330.88
27	80	921.09
27	81	1506.61
27	82	1926.01
27	83	1405.21
27	84	598.2
27	85	1431.71
27	86	954.22
27	87	967.38
27	88	1479.86
27	89	1084.23
27	90	619.11
27	91	1338.24
27	92	2489.17
27	93	1417.04
27	94	303.78
27	95	733.97
27	96	2350.92
27	97	1208.13
27	98	634.43
27	99	1091.36
27	100	1479.62
28	1	814.32
28	2	3367.45
28	3	343.96
28	4	2652.13
28	5	1732.56
28	6	2872.8
28	7	1914.5
28	8	327.88
28	9	1316.14
28	10	1007.12
28	11	355.81
28	12	933.64
28	13	3551.37
28	14	3031.96
28	15	3129.53
28	16	3215.57
28	17	3737.95
28	18	3388.99
28	19	3815.96
28	20	1532.49
28	21	979.42
28	22	2793.78
28	23	2800.22
28	24	3263.18
28	25	1331.83
28	26	1760.01
28	27	1379.59
28	29	417.43
28	30	1565.72
28	31	3796.6
28	32	589.0
28	33	3104.19
28	34	1620.72
28	35	1408.2
28	36	3708.09
28	37	1934.8
28	38	1454.21
28	39	1314.01
28	40	1390.12
28	41	3891.21
28	42	3256.56
28	43	2447.44
28	44	4157.41
28	45	3645.95
28	46	1287.53
28	47	2242.2
28	48	3683.02
28	49	1314.06
28	50	2776.78
28	51	3831.01
28	52	2214.26
28	53	1086.77
28	54	2247.28
28	55	2850.09
28	56	1903.27
28	57	1747.23
28	58	1969.17
28	59	535.36
28	60	2130.56
28	61	1428.24
28	62	1760.51
28	63	3692.91
28	64	3073.75
28	65	1986.75
28	66	2139.2
28	67	1680.05
28	68	1135.16
28	69	1607.23
28	70	1315.12
28	71	1119.9
28	72	1855.1
28	73	743.76
28	74	2053.84
28	75	1618.64
28	76	417.61
28	77	3144.95
28	78	3571.24
28	79	2037.6
28	80	1564.43
28	81	2171.37
28	82	3286.04
28	83	2749.57
28	84	1942.04
28	85	663.33
28	86	1292.79
28	87	2317.99
28	88	2680.35
28	89	2463.32
28	90	951.72
28	91	64.4
28	92	3826.2
28	93	389.34
28	94	1661.61
28	95	718.42
28	96	3688.36
28	97	263.84
28	98	746.73
28	99	325.55
28	100	1842.46
29	1	492.32
29	2	2958.18
29	3	385.18
29	4	2235.45
29	5	1706.31
29	6	2456.54
29	7	1520.08
29	8	99.74
29	9	944.01
29	10	907.24
29	11	554.42
29	12	536.66
29	13	3141.94
29	14	2617.5
29	15	2713.52
29	16	2811.9
29	17	3339.37
29	18	2998.71
29	19	3434.94
29	20	1272.09
29	21	723.11
29	22	2446.99
29	23	2457.58
29	24	2877.37
29	25	963.87
29	26	1617.94
29	27	971.66
29	28	417.43
29	30	1352.65
29	31	3380.97
29	32	173.16
29	33	2686.84
29	34	1229.01
29	35	991.93
29	36	3315.46
29	37	1612.88
29	38	1188.13
29	39	1358.96
29	40	1388.91
29	41	3494.42
29	42	2843.12
29	43	2045.13
29	44	3774.29
29	45	3251.58
29	46	928.19
29	47	1979.34
29	48	3266.85
29	49	1111.08
29	50	2379.92
29	51	3414.01
29	52	1825.98
29	53	1168.67
29	54	1874.5
29	55	2474.62
29	56	1746.42
29	57	1338.88
29	58	1579.59
29	59	186.99
29	60	1716.23
29	61	1010.84
29	62	1660.71
29	63	3278.99
29	64	2657.62
29	65	1719.11
29	66	1723.91
29	67	1709.43
29	68	1018.09
29	69	1463.39
29	70	1393.09
29	71	712.46
29	72	1523.17
29	73	877.16
29	74	1637.71
29	75	1410.13
29	76	193.38
29	77	2751.74
29	78	3166.4
29	79	1801.83
29	80	1309.47
29	81	1953.54
29	82	2869.21
29	83	2332.22
29	84	1548.71
29	85	790.02
29	86	1086.3
29	87	1901.13
29	88	2334.19
29	89	2052.37
29	90	641.8
29	91	369.42
29	92	3441.81
29	93	608.0
29	94	1247.2
29	95	405.12
29	96	3303.59
29	97	251.47
29	98	351.92
29	99	129.07
29	100	1691.11
30	1	881.46
30	2	2436.62
30	3	1225.4
30	4	2190.81
30	5	786.3
30	6	2394.26
30	7	1112.62
30	8	1426.4
30	9	784.02
30	10	614.95
30	11	1307.46
30	12	1025.0
30	13	2605.66
30	14	2250.59
30	15	2625.21
30	16	2221.23
30	17	2640.98
30	18	2244.02
30	19	2575.31
30	20	204.63
30	21	630.89
30	22	1447.75
30	23	1435.88
30	24	2094.13
30	25	757.51
30	26	374.83
30	27	1075.23
30	28	1565.72
30	29	1352.65
30	31	2971.21
30	32	1321.16
30	33	2511.19
30	34	959.38
30	35	1404.64
30	36	2558.83
30	37	634.7
30	38	255.91
30	39	891.5
30	40	752.41
30	41	2767.15
30	42	2419.97
30	43	1559.84
30	44	2913.86
30	45	2516.0
30	46	719.22
30	47	702.43
30	48	2888.0
30	49	251.68
30	50	1763.61
30	51	3199.58
30	52	1241.23
30	53	978.45
30	54	1141.16
30	55	1652.01
30	56	442.12
30	57	1199.98
30	58	1096.05
30	59	1472.61
30	60	1540.68
30	61	1315.49
30	62	527.44
30	63	2824.87
30	64	2343.69
30	65	475.09
30	66	1856.67
30	67	967.73
30	68	498.12
30	69	284.87
30	70	1000.36
30	71	1058.49
30	72	639.43
30	73	1121.35
30	74	1550.11
30	75	58.69
30	76	1543.45
30	77	2048.42
30	78	2557.49
30	79	475.48
30	80	176.48
30	81	606.95
30	82	2565.45
30	83	2155.22
30	84	1116.89
30	85	1125.49
30	86	273.27
30	87	1771.02
30	88	1343.32
30	89	1703.55
30	90	742.76
30	91	1568.45
30	92	2607.29
30	93	1320.97
30	94	1277.23
30	95	953.65
30	96	2480.14
30	97	1575.93
30	98	1100.17
