param n := 150;
param deposito := 7;
param numero_clusters := 30;
param factor := 1;

set Np[1]:= 5 43 56 119  ;
set Np[2]:= 7  ;
set Np[3]:= 3 59 73 118  ;
set Np[4]:= 20 42 55 64 67 110  ;
set Np[5]:= 87 96 150  ;
set Np[6]:= 17 25 34 58 90 145  ;
set Np[7]:= 12 40  ;
set Np[8]:= 70 76 111 121 131 139  ;
set Np[9]:= 16 44 51 63 66 120 127 135 146  ;
set Np[10]:= 77 80 115  ;
set Np[11]:= 14 33 36 45 57 74 81 97 100 136 144  ;
set Np[12]:= 50 62 72 83 113 124 126 138  ;
set Np[13]:= 4 60 116 140  ;
set Np[14]:= 24 32 117 125 132 137 142  ;
set Np[15]:= 28 38 39 71 88 98 101 109 148  ;
set Np[16]:= 6 47 54 104 134 149  ;
set Np[17]:= 86 91 94 95 123 133  ;
set Np[18]:= 8 22 75 106 108 112 114  ;
set Np[19]:= 1 53 85  ;
set Np[20]:= 10 19 92 93 99 105 141 143  ;
set Np[21]:= 2 23 30 35 68 102  ;
set Np[22]:= 13 15 27 79  ;
set Np[23]:= 21 122  ;
set Np[24]:= 11 48 52 84 103 128  ;
set Np[25]:= 18 29 37 46 49  ;
set Np[26]:= 9 26 61 78 82  ;
set Np[27]:= 129  ;
set Np[28]:= 69  ;
set Np[29]:= 41 89  ;
set Np[30]:= 31 65 107 130 147  ;


param c:=
1	2	1699.55
1	3	1845.72
1	4	942.33
1	5	2709.41
1	6	1440.0
1	7	1315.03
1	8	1751.11
1	9	1226.93
1	10	1379.02
1	11	1953.65
1	12	542.65
1	13	744.45
1	14	1288.5
1	15	511.17
1	16	1371.31
1	17	1957.15
1	18	876.81
1	19	1267.47
1	20	956.01
1	21	2104.9
1	22	1759.07
1	23	2015.96
1	24	658.6
1	25	2052.04
1	26	1051.49
1	27	462.18
1	28	2478.0
1	29	844.62
1	30	1615.0
1	31	1136.87
1	32	806.98
1	33	1648.9
1	34	2229.0
1	35	1738.83
1	36	1491.36
1	37	1043.19
1	38	2487.11
1	39	2392.41
1	40	379.03
1	41	1641.04
1	42	1195.01
1	43	2875.23
1	44	1519.57
1	45	1646.8
1	46	576.67
1	47	1203.01
1	48	1728.66
1	49	861.98
1	50	2216.64
1	51	1523.5
1	52	1977.13
1	53	32.31
1	54	1545.39
1	55	1114.02
1	56	2651.01
1	57	1512.55
1	58	2503.45
1	59	1782.8
1	60	1058.65
1	61	948.05
1	62	2002.19
1	63	1472.76
1	64	961.21
1	65	1023.52
1	66	1443.42
1	67	1040.0
1	68	1690.91
1	69	1598.88
1	70	2350.78
1	71	2454.85
1	72	2217.77
1	73	1863.41
1	74	1561.89
1	75	1637.89
1	76	2456.5
1	77	1238.29
1	78	1254.19
1	79	740.76
1	80	1224.05
1	81	1723.77
1	82	1365.71
1	83	2029.07
1	84	1859.23
1	85	215.87
1	86	2526.12
1	87	2317.28
1	88	2507.65
1	89	1830.71
1	90	2142.09
1	91	2315.88
1	92	1361.81
1	93	924.88
1	94	2431.34
1	95	2400.62
1	96	2036.65
1	97	1832.88
1	98	2406.53
1	99	1271.77
1	100	1650.46
1	101	2595.66
1	102	2045.23
1	103	1674.9
1	104	1307.36
1	105	1224.6
1	106	1749.92
1	107	769.04
1	108	2047.85
1	109	2361.78
1	110	807.6
1	111	2388.91
1	112	1768.56
1	113	1954.93
1	114	2013.19
1	115	1150.4
1	116	806.04
1	117	740.56
1	118	1918.11
1	119	2649.77
1	120	1181.08
1	121	2426.66
1	122	2098.83
1	123	2415.32
1	124	2298.0
1	125	463.06
1	126	2170.08
1	127	1529.63
1	128	1750.4
1	129	2763.95
1	130	825.56
1	131	2546.51
1	132	809.59
1	133	2325.17
1	134	1540.12
1	135	1410.59
1	136	1848.67
1	137	379.33
1	138	1839.91
1	139	2471.1
1	140	1285.2
1	141	1282.79
1	142	744.77
1	143	1071.83
1	144	1932.9
1	145	2206.23
1	146	1404.3
1	147	1055.14
1	148	2490.53
1	149	1412.81
1	150	2096.79
2	1	1699.55
2	3	1118.21
2	4	1352.74
2	5	1157.36
2	6	552.24
2	7	2851.4
2	8	972.28
2	9	2573.68
2	10	1824.22
2	11	2632.05
2	12	1580.83
2	13	1022.1
2	14	1561.12
2	15	1234.6
2	16	2436.58
2	17	1266.94
2	18	1973.03
2	19	1871.17
2	20	1195.76
2	21	617.45
2	22	853.99
2	23	349.48
2	24	2191.6
2	25	1348.82
2	26	2499.33
2	27	1244.43
2	28	1145.97
2	29	2041.42
2	30	331.31
2	31	767.32
2	32	2332.33
2	33	1803.44
2	34	1449.67
2	35	76.3
2	36	1685.68
2	37	2233.04
2	38	1090.56
2	39	1052.91
2	40	1477.54
2	41	713.74
2	42	1111.33
2	43	1299.14
2	44	2432.89
2	45	1892.52
2	46	1903.02
2	47	782.09
2	48	2417.85
2	49	1872.63
2	50	628.01
2	51	2577.45
2	52	2658.87
2	53	1714.82
2	54	499.38
2	55	1051.69
2	56	1195.89
2	57	1661.64
2	58	1508.41
2	59	988.71
2	60	1107.68
2	61	2336.08
2	62	585.85
2	63	2466.29
2	64	1171.05
2	65	708.45
2	66	2254.15
2	67	893.66
2	68	208.66
2	69	1335.15
2	70	679.22
2	71	1019.15
2	72	777.57
2	73	1124.98
2	74	1649.05
2	75	715.36
2	76	772.81
2	77	503.75
2	78	2638.75
2	79	1107.71
2	80	476.16
2	81	1919.62
2	82	2751.47
2	83	630.13
2	84	2564.83
2	85	1484.65
2	86	922.64
2	87	2739.21
2	88	1292.01
2	89	667.2
2	90	1376.11
2	91	616.37
2	92	1873.59
2	93	1640.5
2	94	733.88
2	95	717.86
2	96	2505.53
2	97	2024.97
2	98	1314.15
2	99	1783.41
2	100	1762.13
2	101	1212.45
2	102	389.01
2	103	2451.42
2	104	494.66
2	105	1885.25
2	106	1117.8
2	107	930.58
2	108	997.1
2	109	1335.06
2	110	1177.02
2	111	715.49
2	112	909.93
2	113	822.43
2	114	1138.67
2	115	606.17
2	116	1286.98
2	117	2335.34
2	118	1071.46
2	119	1156.06
2	120	2290.9
2	121	755.46
2	122	672.49
2	123	717.28
2	124	857.95
2	125	1901.65
2	126	888.96
2	127	2585.51
2	128	2556.41
2	129	1064.96
2	130	889.21
2	131	894.43
2	132	2269.04
2	133	743.27
2	134	695.07
2	135	2535.1
2	136	1861.23
2	137	2046.2
2	138	579.83
2	139	830.12
2	140	992.5
2	141	1774.13
2	142	2126.97
2	143	1565.39
2	144	2125.79
2	145	1253.17
2	146	2586.15
2	147	668.24
2	148	1293.1
2	149	518.05
2	150	2656.43
3	1	1845.72
3	2	1118.21
3	4	975.98
3	5	2130.1
3	6	1544.7
3	7	2533.55
3	8	2043.0
3	9	2141.06
3	10	1075.21
3	11	1769.97
3	12	1413.48
3	13	1545.48
3	14	863.5
3	15	1626.26
3	16	1842.21
3	17	2349.19
3	18	1569.41
3	19	1199.55
3	20	1918.96
3	21	806.18
3	22	1938.24
3	23	1073.17
3	24	2012.41
3	25	2439.12
3	26	2165.14
3	27	1453.48
3	28	2233.96
3	29	1672.34
3	30	792.88
3	31	1575.45
3	32	2107.11
3	33	886.24
3	34	2555.49
3	35	1061.81
3	36	849.46
3	37	1783.86
3	38	2162.3
3	39	2145.18
3	40	1477.6
3	41	414.4
3	42	1962.78
3	43	2229.64
3	44	1744.62
3	45	992.46
3	46	1688.24
3	47	1640.84
3	48	1604.54
3	49	1466.58
3	50	1655.56
3	51	1940.9
3	52	1793.88
3	53	1841.09
3	54	1545.33
3	55	1865.31
3	56	2231.69
3	57	809.38
3	58	2626.46
3	59	130.14
3	60	790.21
3	61	1996.12
3	62	1695.83
3	63	1818.61
3	64	1897.65
3	65	1347.24
3	66	1555.23
3	67	1651.38
3	68	910.62
3	69	415.33
3	70	1220.7
3	71	2081.9
3	72	1863.5
3	73	17.72
3	74	763.47
3	75	1780.78
3	76	1326.64
3	77	960.13
3	78	2221.6
3	79	1674.57
3	80	1148.56
3	81	982.95
3	82	2312.92
3	83	1739.89
3	84	1729.07
3	85	1690.27
3	86	1878.26
3	87	1747.92
3	88	2396.87
3	89	483.39
3	90	2477.28
3	91	1383.15
3	92	1141.99
3	93	1195.98
3	94	1499.69
3	95	1570.66
3	96	1565.08
3	97	1055.96
3	98	2430.78
3	99	1100.1
3	100	837.26
3	101	2279.17
3	102	1057.17
3	103	1678.61
3	104	1375.45
3	105	1243.04
3	106	2171.69
3	107	1303.23
3	108	2112.58
3	109	2453.26
3	110	1809.53
3	111	1247.7
3	112	1991.02
3	113	1938.19
3	114	2242.24
3	115	954.71
3	116	1061.8
3	117	2178.08
3	118	114.54
3	119	2173.4
3	120	1768.68
3	121	1261.8
3	122	729.04
3	123	1481.37
3	124	1935.48
3	125	1763.19
3	126	2001.29
3	127	1948.36
3	128	1776.72
3	129	1657.25
3	130	1382.45
3	131	1278.4
3	132	2005.0
3	133	1754.08
3	134	1728.86
3	135	1954.22
3	136	851.0
3	137	2046.54
3	138	1695.64
3	139	1204.92
3	140	561.1
3	141	1082.81
3	142	1851.29
3	143	1025.9
3	144	1134.0
3	145	2368.56
3	146	2031.7
3	147	1311.71
3	148	2400.61
3	149	1492.16
3	150	1733.4
4	1	942.33
4	2	1352.74
4	3	975.98
4	5	2508.49
4	6	1433.78
4	7	1607.4
4	8	1918.81
4	9	1262.13
4	10	579.62
4	11	1362.83
4	12	444.64
4	13	994.98
4	14	383.59
4	15	933.69
4	16	1083.99
4	17	2206.57
4	18	654.17
4	19	560.14
4	20	1407.21
4	21	1486.94
4	22	1862.62
4	23	1552.05
4	24	1039.96
4	25	2307.95
4	26	1237.24
4	27	689.26
4	28	2432.34
4	29	743.34
4	30	1102.67
4	31	1263.86
4	32	1143.82
4	33	757.53
4	34	2467.16
4	35	1349.97
4	36	592.7
4	37	905.4
4	38	2399.9
4	39	2337.45
4	40	564.68
4	41	921.83
4	42	1563.03
4	43	2651.87
4	44	1090.0
4	45	787.9
4	46	714.55
4	47	1350.59
4	48	1130.76
4	49	547.73
4	50	1977.89
4	51	1225.17
4	52	1389.95
4	53	929.22
4	54	1500.95
4	55	1454.0
4	56	2528.0
4	57	602.89
4	58	2653.61
4	59	950.27
4	60	257.62
4	61	1065.81
4	62	1869.68
4	63	1115.72
4	64	1394.86
4	65	1011.79
4	66	921.1
4	67	1260.39
4	68	1230.65
4	69	665.02
4	70	1842.55
4	71	2339.62
4	72	2087.98
4	73	993.31
4	74	642.23
4	75	1699.68
4	76	1958.81
4	77	871.11
4	78	1335.62
4	79	1105.96
4	80	1008.26
4	81	854.91
4	82	1441.4
4	83	1909.84
4	84	1281.58
4	85	846.72
4	86	2275.3
4	87	1597.2
4	88	2534.55
4	89	1135.04
4	90	2377.63
4	91	1900.16
4	92	602.1
4	93	290.39
4	94	2028.49
4	95	2045.44
4	96	1323.02
4	97	974.0
4	98	2496.82
4	99	497.0
4	100	746.55
4	101	2521.72
4	102	1564.17
4	103	1138.72
4	104	1234.55
4	105	557.61
4	106	1992.66
4	107	766.16
4	108	2125.18
4	109	2484.28
4	110	1250.02
4	111	1879.25
4	112	1898.57
4	113	1975.44
4	114	2177.65
4	115	775.43
4	116	163.64
4	117	1205.34
4	118	1070.08
4	119	2497.22
4	120	944.52
4	121	1909.27
4	122	1448.15
4	123	2009.72
4	124	2172.8
4	125	787.55
4	126	2134.05
4	127	1233.23
4	128	1241.39
4	129	2301.38
4	130	896.4
4	131	1989.59
4	132	1048.67
4	133	2093.92
4	134	1610.23
4	135	1183.81
4	136	938.19
4	137	1080.84
4	138	1771.31
4	139	1909.06
4	140	473.24
4	141	496.03
4	142	893.79
4	143	240.95
4	144	1083.61
4	145	2353.34
4	146	1238.63
4	147	1005.74
4	148	2527.07
4	149	1382.62
4	150	1439.06
5	1	2709.41
5	2	1157.36
5	3	2130.1
5	4	2508.49
5	6	1273.03
5	7	3953.06
5	8	1166.14
5	9	3707.46
5	10	2974.3
5	11	3776.69
5	12	2701.14
5	13	1966.85
5	14	2710.96
5	15	2201.19
5	16	3591.32
5	17	1237.05
5	18	3115.97
5	19	3027.16
5	20	1918.14
5	21	1350.24
5	22	1077.97
5	23	1059.46
5	24	3279.11
5	25	1236.47
5	26	3615.01
5	27	2293.78
5	28	448.66
5	29	3177.5
5	30	1448.88
5	31	1585.05
5	32	3426.33
5	33	2924.64
5	34	1183.63
5	35	1170.15
5	36	2820.84
5	37	3376.13
5	38	351.14
5	39	460.9
5	40	2565.45
5	41	1787.54
5	42	1710.29
5	43	170.07
5	44	3590.22
5	45	3019.94
5	46	3014.74
5	47	1534.32
5	48	3567.68
5	49	3018.41
5	50	530.65
5	51	3733.65
5	52	3803.23
5	53	2731.49
5	54	1165.63
5	55	1726.28
5	56	218.93
5	57	2793.16
5	58	967.14
5	59	2014.26
5	60	2265.02
5	61	3457.91
5	62	707.49
5	63	3623.2
5	64	1898.47
5	65	1694.66
5	66	3410.99
5	67	1700.56
5	68	1309.96
5	69	2435.89
5	70	974.1
5	71	315.57
5	72	499.27
5	73	2130.51
5	74	2773.33
5	75	1127.16
5	76	910.04
5	77	1644.45
5	78	3768.38
5	79	1996.55
5	80	1551.51
5	81	3038.2
5	82	3882.95
5	83	683.06
5	84	3712.94
5	85	2497.14
5	86	251.92
5	87	3848.81
5	88	629.0
5	89	1649.01
5	90	1179.65
5	91	761.16
5	92	3025.93
5	93	2794.61
5	94	667.59
5	95	569.3
5	96	3631.3
5	97	3135.41
5	98	799.07
5	99	2938.04
5	100	2880.27
5	101	355.51
5	102	1073.06
5	103	3605.39
5	104	1406.84
5	105	3042.24
5	106	1285.04
5	107	1980.12
5	108	872.28
5	109	884.14
5	110	1992.12
5	111	964.17
5	112	1104.7
5	113	847.58
5	114	1047.2
5	115	1745.24
5	116	2433.88
5	117	3408.84
5	118	2046.74
5	119	140.03
5	120	3441.38
5	121	973.28
5	122	1435.41
5	123	682.45
5	124	428.55
5	125	2994.14
5	126	625.87
5	127	3741.71
5	128	3710.41
5	129	766.06
5	130	1893.21
5	131	1062.82
5	132	3375.86
5	133	414.57
5	134	1212.4
5	135	3688.22
5	136	2952.75
5	137	3082.29
5	138	878.21
5	139	1089.54
5	140	2139.81
5	141	2928.16
5	142	3242.22
5	143	2722.73
5	144	3229.25
5	145	961.43
5	146	3736.5
5	147	1669.24
5	148	655.08
5	149	1296.94
5	150	3788.4
6	1	1440.0
6	2	552.24
6	3	1544.7
6	4	1433.78
6	5	1273.03
6	7	2712.11
6	8	513.08
6	9	2509.13
6	10	1989.42
6	11	2792.94
6	12	1504.48
6	13	695.66
6	14	1741.32
6	15	929.75
6	16	2464.23
6	17	819.7
6	18	1951.19
6	19	1993.05
6	20	704.16
6	21	1169.28
6	22	433.85
6	23	880.03
6	24	2034.45
6	25	916.18
6	26	2391.4
6	27	1046.87
6	28	1054.98
6	29	1994.23
6	30	783.99
6	31	314.23
6	32	2184.6
6	33	2054.35
6	34	1057.04
6	35	628.07
6	36	1910.18
6	37	2205.06
6	38	1052.49
6	39	964.75
6	40	1336.25
6	41	1132.76
6	42	572.15
6	43	1440.79
6	44	2509.59
6	45	2125.94
6	46	1797.05
6	47	279.71
6	48	2563.08
6	49	1865.33
6	50	810.06
6	51	2616.9
6	52	2820.13
6	53	1463.28
6	54	109.02
6	55	531.74
6	56	1212.44
6	57	1896.83
6	58	1220.02
6	59	1416.72
6	60	1243.6
6	61	2244.42
6	62	566.29
6	63	2519.29
6	64	680.69
6	65	455.48
6	66	2350.38
6	67	437.38
6	68	719.98
6	69	1650.71
6	70	1178.61
6	71	1015.83
6	72	778.12
6	73	1555.52
6	74	1901.58
6	75	267.87
6	76	1249.86
6	77	632.22
6	78	2561.92
6	79	725.28
6	80	446.43
6	81	2170.37
6	82	2678.04
6	83	590.34
6	84	2713.9
6	85	1230.47
6	86	1107.91
6	87	2979.83
6	88	1121.22
6	89	1159.74
6	90	970.76
6	91	1041.15
6	92	2024.34
6	93	1689.07
6	94	1125.38
6	95	1056.0
6	96	2721.1
6	97	2286.27
6	98	1065.89
6	99	1922.41
6	100	2021.15
6	101	1165.57
6	102	922.6
6	103	2572.12
6	104	201.16
6	105	1991.1
6	106	628.99
6	107	751.47
6	108	692.35
6	109	1050.56
6	110	738.22
6	111	1210.42
6	112	476.45
6	113	552.48
6	114	753.12
6	115	695.84
6	116	1313.59
6	117	2154.24
6	118	1526.08
6	119	1209.77
6	120	2294.03
6	121	1250.4
6	122	1221.1
6	123	1114.26
6	124	858.0
6	125	1757.82
6	126	744.47
6	127	2624.74
6	128	2674.23
6	129	1476.2
6	130	643.13
6	131	1399.37
6	132	2146.07
6	133	908.01
6	134	189.91
6	135	2548.54
6	136	2159.1
6	137	1816.02
6	138	400.05
6	139	1345.62
6	140	1233.44
6	141	1918.21
6	142	2024.01
6	143	1672.85
6	144	2394.84
6	145	921.36
6	146	2582.43
6	147	444.5
6	148	1110.04
6	149	55.0
6	150	2853.72
7	1	1315.03
7	2	2851.4
7	3	2533.55
7	4	1607.4
7	5	3953.06
7	6	2712.11
7	8	3062.67
7	9	438.62
7	10	1545.72
7	11	1495.0
7	12	1272.77
7	13	2031.81
7	14	1684.49
7	15	1809.05
7	16	860.47
7	17	3271.88
7	18	966.03
7	19	1390.72
7	20	2269.01
7	21	3089.0
7	22	3063.38
7	23	3111.93
7	24	677.69
7	25	3366.24
7	26	370.74
7	27	1665.98
7	28	3765.36
7	29	867.17
7	30	2666.01
7	31	2426.45
7	32	527.77
7	33	1856.48
7	34	3543.33
7	35	2869.94
7	36	1779.28
7	37	759.68
7	38	3764.11
7	39	3676.35
7	40	1387.63
7	41	2528.96
7	42	2509.46
7	43	4112.58
7	44	1073.53
7	45	1780.62
7	46	948.78
7	47	2499.82
7	48	1387.35
7	49	1071.19
7	50	3436.01
7	51	893.04
7	52	1503.28
7	53	1285.59
7	54	2811.25
7	55	2428.92
7	56	3920.11
7	57	1820.44
7	58	3817.87
7	59	2535.39
7	60	1857.37
7	61	542.12
7	62	3255.86
7	63	964.58
7	64	2275.23
7	65	2265.31
7	66	1182.9
7	67	2342.34
7	68	2778.37
7	69	2142.71
7	70	3423.87
7	71	3723.35
7	72	3477.39
7	73	2549.39
7	74	1882.14
7	75	2932.59
7	76	3538.61
7	77	2348.76
7	78	359.77
7	79	2049.18
7	80	2406.65
7	81	1849.29
7	82	340.65
7	83	3287.75
7	84	1422.1
7	85	1500.48
7	86	3746.79
7	87	1951.05
7	88	3809.72
7	89	2742.12
7	90	3456.75
7	91	3448.47
7	92	1482.71
7	93	1344.36
7	94	3573.75
7	95	3568.99
7	96	1745.3
7	97	1896.35
7	98	3716.24
7	99	1477.74
7	100	1891.19
7	101	3877.66
7	102	3130.84
7	103	1273.84
7	104	2552.09
7	105	1335.91
7	106	3064.93
7	107	1974.2
7	108	3352.57
7	109	3674.12
7	110	2122.62
7	111	3461.56
7	112	3076.49
7	113	3248.38
7	114	3326.49
7	115	2246.86
7	116	1603.27
7	117	575.01
7	118	2640.01
7	119	3909.56
7	120	820.31
7	121	3494.29
7	122	3053.92
7	123	3555.83
7	124	3560.68
7	125	958.95
7	126	3455.0
7	127	891.69
7	128	1267.11
7	129	3874.17
7	130	2070.29
7	131	3585.52
7	132	582.49
7	133	3550.09
7	134	2833.81
7	135	778.58
7	136	2047.73
7	137	946.85
7	138	3108.83
7	139	3505.29
7	140	2080.39
7	141	1496.59
7	142	728.96
7	143	1507.9
7	144	1941.09
7	145	3519.48
7	146	692.87
7	147	2287.06
7	148	3793.96
7	149	2676.9
7	150	1690.01
8	1	1751.11
8	2	972.28
8	3	2043.0
8	4	1918.81
8	5	1166.14
8	6	513.08
8	7	3062.67
8	9	2909.73
8	10	2485.58
8	11	3281.64
8	12	1928.99
8	13	1044.77
8	14	2242.91
8	15	1255.63
8	16	2910.44
8	17	307.66
8	18	2385.94
8	19	2478.68
8	20	829.07
8	21	1566.43
8	22	127.77
8	23	1229.97
8	24	2391.34
8	25	403.1
8	26	2769.38
8	27	1436.37
8	28	797.6
8	29	2415.87
8	30	1261.41
8	31	671.7
8	32	2542.85
8	33	2563.83
8	34	549.65
8	35	1045.67
8	36	2417.23
8	37	2630.9
8	38	847.31
8	39	734.09
8	40	1735.82
8	41	1628.76
8	42	591.34
8	43	1331.99
8	44	2974.4
8	45	2633.04
8	46	2194.07
8	47	586.9
8	48	3049.19
8	49	2308.71
8	50	888.68
8	51	3065.88
8	52	3308.76
8	53	1779.28
8	54	497.68
8	55	645.78
8	56	1024.24
8	57	2405.27
8	58	762.27
8	59	1913.64
8	60	1744.8
8	61	2635.71
8	62	609.54
8	63	2975.05
8	64	815.55
8	65	908.87
8	66	2823.83
8	67	727.25
8	68	1171.22
8	69	2163.66
8	70	1457.57
8	71	854.06
8	72	707.68
8	73	2052.82
8	74	2411.8
8	75	262.61
8	76	1495.02
8	77	1145.21
8	78	2954.57
8	79	1013.57
8	80	957.49
8	81	2679.4
8	82	3070.42
8	83	595.42
8	84	3199.92
8	85	1563.02
8	86	1098.57
8	87	3484.85
8	88	773.63
8	89	1629.35
8	90	461.24
8	91	1260.41
8	92	2516.89
8	93	2158.09
8	94	1299.52
8	95	1194.72
8	96	3222.63
8	97	2796.06
8	98	656.21
8	99	2413.33
8	100	2531.53
8	101	926.7
8	102	1272.11
8	103	3050.98
8	104	709.46
8	105	2472.28
8	106	155.54
8	107	1185.69
8	108	320.76
8	109	611.58
8	110	950.59
8	111	1480.8
8	112	74.24
8	113	326.91
8	114	268.17
8	115	1205.72
8	116	1786.69
8	117	2490.36
8	118	2015.61
8	119	1056.9
8	120	2732.48
8	121	1517.07
8	122	1632.36
8	123	1295.37
8	124	752.19
8	125	2134.0
8	126	540.27
8	127	3073.53
8	128	3151.28
8	129	1625.74
8	130	1059.42
8	131	1667.58
8	132	2521.37
8	133	935.73
8	134	323.21
8	135	2987.31
8	136	2671.73
8	137	2128.58
8	138	458.05
8	139	1633.05
8	140	1745.82
8	141	2410.4
8	142	2414.99
8	143	2159.64
8	144	2905.11
8	145	459.03
8	146	3012.81
8	147	913.07
8	148	752.93
8	149	568.07
8	150	3350.93
9	1	1226.93
9	2	2573.68
9	3	2141.06
9	4	1262.13
9	5	3707.46
9	6	2509.13
9	7	438.62
9	8	2909.73
9	10	1120.17
9	11	1089.69
9	12	1009.36
9	13	1864.98
9	14	1280.6
9	15	1663.88
9	16	426.82
9	17	3147.31
9	18	608.89
9	19	968.54
9	20	2165.59
9	21	2747.27
9	22	2893.0
9	23	2805.59
9	24	585.92
9	25	3245.74
9	26	220.52
9	27	1475.07
9	28	3561.64
9	29	532.3
9	30	2355.54
9	31	2248.0
9	32	465.03
9	33	1424.99
9	34	3420.74
9	35	2582.95
9	36	1357.0
9	37	360.88
9	38	3548.94
9	39	3469.57
9	40	1177.11
9	41	2177.18
9	42	2395.28
9	43	3860.84
9	44	644.9
9	45	1345.96
9	46	716.07
9	47	2328.19
9	48	959.69
9	49	714.66
9	50	3180.99
9	51	487.17
9	52	1101.36
9	53	1194.72
9	54	2600.63
9	55	2303.1
9	56	3695.64
9	57	1398.83
9	58	3671.94
9	59	2154.42
9	60	1519.18
9	61	279.66
9	62	3026.98
9	63	538.05
9	64	2167.11
9	65	2053.88
9	66	744.52
9	67	2182.62
9	68	2477.11
9	69	1739.5
9	70	3103.48
9	71	3500.44
9	72	3249.9
9	73	2156.19
9	74	1459.8
9	75	2749.25
9	76	3219.56
9	77	2071.27
9	78	82.66
9	79	1908.7
9	80	2157.29
9	81	1413.26
9	82	179.43
9	83	3062.29
9	84	1009.67
9	85	1368.85
9	86	3488.21
9	87	1543.9
9	88	3626.85
9	89	2389.62
9	90	3331.7
9	91	3150.19
9	92	1055.39
9	93	979.78
9	94	3277.65
9	95	3284.68
9	96	1322.3
9	97	1458.09
9	98	3551.0
9	99	1060.29
9	100	1461.42
9	101	3666.62
9	102	2820.33
9	103	849.15
9	104	2332.45
9	105	916.01
9	106	2933.49
9	107	1757.75
9	108	3179.3
9	109	3517.96
9	110	2006.66
9	111	3140.41
9	112	2913.46
9	113	3058.51
9	114	3177.59
9	115	1968.95
9	116	1291.02
9	117	597.0
9	118	2250.68
9	119	3676.99
9	120	388.03
9	121	3170.9
9	122	2705.05
9	123	3259.18
9	124	3334.64
9	125	783.53
9	126	3251.96
9	127	487.88
9	128	855.64
9	129	3560.87
9	130	1869.76
9	131	3251.38
9	132	421.38
9	133	3296.8
9	134	2650.92
9	135	359.35
9	136	1612.76
9	137	923.82
9	138	2894.98
9	139	3170.85
9	140	1726.48
9	141	1078.97
9	142	496.28
9	143	1125.2
9	144	1502.55
9	145	3368.55
9	146	286.12
9	147	2068.69
9	148	3613.75
9	149	2468.0
9	150	1282.34
10	1	1379.02
10	2	1824.22
10	3	1075.21
10	4	579.62
10	5	2974.3
10	6	1989.42
10	7	1545.72
10	8	2485.58
10	9	1120.17
10	11	811.37
10	12	838.12
10	13	1572.19
10	14	263.37
10	15	1491.52
10	16	774.03
10	17	2778.11
10	18	663.13
10	19	157.89
10	20	1981.64
10	21	1796.71
10	22	2422.25
10	23	1952.85
10	24	1190.01
10	25	2879.16
10	26	1199.31
10	27	1241.61
10	28	2948.48
10	29	767.07
10	30	1527.04
10	31	1839.32
10	32	1228.34
10	33	321.85
10	34	3035.11
10	35	1804.66
10	36	239.04
10	37	790.68
10	38	2905.53
10	39	2853.53
10	40	1040.86
10	41	1233.36
10	42	2142.41
10	43	3105.02
10	44	671.26
10	45	278.87
10	46	925.43
10	47	1925.69
10	48	593.71
10	49	597.05
10	50	2449.91
10	51	865.79
10	52	838.47
10	53	1356.74
10	54	2047.28
10	55	2033.45
10	56	3019.53
10	57	281.44
10	58	3207.37
10	59	1120.62
10	60	747.57
10	61	1048.15
10	62	2380.09
10	63	743.5
10	64	1970.25
10	65	1584.12
10	66	481.09
10	67	1839.66
10	68	1665.25
10	69	659.89
10	70	2195.58
10	71	2838.78
10	72	2590.91
10	73	1087.91
10	74	340.92
10	75	2257.14
10	76	2310.45
10	77	1388.57
10	78	1202.82
10	79	1679.55
10	80	1550.17
10	81	358.18
10	82	1278.86
10	83	2422.31
10	84	740.86
10	85	1346.63
10	86	2730.4
10	87	1017.92
10	88	3066.14
10	89	1427.59
10	90	2946.14
10	91	2300.64
10	92	67.62
10	93	454.96
10	94	2428.01
10	95	2466.86
10	96	743.59
10	97	457.18
10	98	3042.23
10	99	107.52
10	100	349.5
10	101	3028.01
10	102	1954.65
10	103	636.23
10	104	1788.36
10	105	215.35
10	106	2565.75
10	107	1345.75
10	108	2675.08
10	109	3035.7
10	110	1821.79
10	111	2228.86
10	112	2461.08
10	113	2518.34
10	114	2740.02
10	115	1304.2
10	116	734.8
10	117	1341.5
10	118	1189.47
10	119	2980.1
10	120	732.61
10	121	2252.09
10	122	1736.52
10	123	2408.9
10	124	2674.18
10	125	1048.36
10	126	2660.35
10	127	873.22
10	128	740.6
10	129	2654.81
10	130	1475.87
10	131	2301.34
10	132	1113.5
10	133	2563.57
10	134	2171.32
10	135	886.14
10	136	528.55
10	137	1376.75
10	138	2301.79
10	139	2222.73
10	140	834.5
10	141	96.6
10	142	982.46
10	143	347.31
10	144	554.07
10	145	2910.67
10	146	968.0
10	147	1574.64
10	148	3060.95
10	149	1936.48
10	150	865.36
11	1	1953.65
11	2	2632.05
11	3	1769.97
11	4	1362.83
11	5	3776.69
11	6	2792.94
11	7	1495.0
11	8	3281.64
11	9	1089.69
11	10	811.37
11	12	1472.92
11	13	2321.99
11	14	1072.39
11	15	2201.3
11	16	684.08
11	17	3568.28
11	18	1078.49
11	19	803.33
11	20	2715.36
11	21	2550.65
11	22	3223.92
11	23	2741.05
11	24	1504.9
11	25	3669.77
11	26	1283.59
11	27	1954.8
11	28	3759.76
11	29	1129.0
11	30	2327.82
11	31	2623.78
11	32	1456.7
11	33	884.96
11	34	3829.87
11	35	2609.49
11	36	960.01
11	37	980.3
11	38	3716.09
11	39	3664.83
11	40	1696.99
11	41	2009.5
11	42	2898.96
11	43	3903.06
11	44	471.31
11	45	779.94
11	46	1389.04
11	47	2710.69
11	48	235.98
11	49	1096.13
11	50	3255.49
11	51	604.75
11	52	27.2
11	53	1924.61
11	54	2854.52
11	55	2791.67
11	56	3827.93
11	57	991.58
11	58	4012.66
11	59	1847.11
11	60	1556.54
11	61	1218.57
11	62	3191.29
11	63	562.91
11	64	2707.33
11	65	2374.15
11	66	510.58
11	67	2610.48
11	68	2466.8
11	69	1378.74
11	70	2960.41
11	71	3648.61
11	72	3401.42
11	73	1778.34
11	74	1021.97
11	75	3059.98
11	76	3072.62
11	77	2199.39
11	78	1152.18
11	79	2415.87
11	80	2357.73
11	81	788.24
11	82	1155.14
11	83	3233.58
11	84	94.64
11	85	1991.53
11	86	3530.49
11	87	456.13
11	88	3877.03
11	89	2187.69
11	90	3740.27
11	91	3084.47
11	92	769.91
11	93	1144.29
11	94	3210.1
11	95	3257.13
11	96	297.48
11	97	734.8
11	98	3850.56
11	99	870.6
11	100	933.64
11	101	3838.56
11	102	2739.13
11	103	281.57
11	104	2592.45
11	105	814.41
11	106	3353.59
11	107	2116.24
11	108	3481.71
11	109	3841.94
11	110	2550.51
11	111	2991.48
11	112	3260.8
11	113	3327.01
11	114	3539.93
11	115	2113.55
11	116	1500.4
11	117	1599.11
11	118	1881.66
11	119	3786.81
11	120	835.15
11	121	3011.0
11	122	2482.2
11	123	3191.05
11	124	3484.46
11	125	1517.23
11	126	3471.53
11	127	605.19
11	128	235.75
11	129	3412.67
11	130	2247.26
11	131	3043.12
11	132	1357.19
11	133	3368.24
11	134	2971.89
11	135	730.44
11	136	951.32
11	137	1804.67
11	138	3112.47
11	139	2967.3
11	140	1639.76
11	141	875.36
11	142	1303.77
11	143	1122.03
11	144	695.63
11	145	3713.98
11	146	807.7
11	147	2368.57
11	148	3871.6
11	149	2740.76
11	150	195.16
12	1	542.65
12	2	1580.83
12	3	1413.48
12	4	444.64
12	5	2701.14
12	6	1504.48
12	7	1272.77
12	8	1928.99
12	9	1009.36
12	10	838.12
12	11	1472.92
12	13	896.88
12	14	752.93
12	15	738.45
12	16	987.49
12	17	2186.61
12	18	458.42
12	19	734.99
12	20	1259.37
12	21	1839.91
12	22	1900.93
12	23	1840.43
12	24	636.97
12	25	2287.3
12	26	918.66
12	27	504.73
12	28	2554.08
12	29	490.07
12	30	1397.03
12	31	1258.61
12	32	764.2
12	33	1107.42
12	34	2458.2
12	35	1597.53
12	36	951.76
12	37	703.08
12	38	2539.87
12	39	2461.58
12	40	224.2
12	41	1303.32
12	42	1463.72
12	43	2856.49
12	44	1082.75
12	45	1104.19
12	46	324.72
12	47	1342.26
12	48	1239.65
12	49	393.29
12	50	2177.04
12	51	1144.41
12	52	1498.18
12	53	522.25
12	54	1593.46
12	55	1361.47
12	56	2686.31
12	57	974.92
12	58	2689.23
12	59	1376.54
12	60	639.61
12	61	757.45
12	62	2017.67
12	63	1063.88
12	64	1254.34
12	65	1049.14
12	66	967.65
12	67	1209.83
12	68	1506.37
12	69	1107.51
12	70	2156.52
12	71	2491.08
12	72	2240.6
12	73	1431.02
12	74	1026.64
12	75	1751.32
12	76	2270.37
12	77	1077.31
12	78	1067.7
12	79	969.15
12	80	1149.72
12	81	1181.12
12	82	1182.79
12	83	2052.93
12	84	1380.61
12	85	523.28
12	86	2486.04
12	87	1802.76
12	88	2625.05
12	89	1512.43
12	90	2368.1
12	91	2175.72
12	92	824.62
12	93	383.19
12	94	2300.98
12	95	2297.61
12	96	1520.57
12	97	1290.53
12	98	2557.46
12	99	731.32
12	100	1110.62
12	101	2657.87
12	102	1860.42
12	103	1204.79
12	104	1324.18
12	105	697.2
12	106	1969.95
12	107	754.05
12	108	2183.62
12	109	2529.75
12	110	1093.46
12	111	2194.47
12	112	1925.73
12	113	2056.05
12	114	2196.86
12	115	975.09
12	116	361.81
12	117	796.91
12	118	1502.41
12	119	2668.23
12	120	805.03
12	121	2228.23
12	122	1813.78
12	123	2283.05
12	124	2325.3
12	125	358.42
12	126	2245.02
12	127	1151.8
12	128	1292.89
12	129	2603.36
12	130	872.81
12	131	2326.01
12	132	690.61
12	133	2292.37
12	134	1653.98
12	135	1059.22
12	136	1309.08
12	137	636.3
12	138	1886.61
12	139	2246.41
12	140	878.93
12	141	741.62
12	142	546.16
12	143	531.92
12	144	1391.33
12	145	2384.73
12	146	1084.11
12	147	1061.64
12	148	2613.02
12	149	1461.73
12	150	1597.37
13	1	744.45
13	2	1022.1
13	3	1545.48
13	4	994.98
13	5	1966.85
13	6	695.66
13	7	2031.81
13	8	1044.77
13	9	1864.98
13	10	1572.19
13	11	2321.99
13	12	896.88
13	14	1369.17
13	15	234.34
13	16	1884.33
13	17	1291.03
13	18	1355.13
13	19	1527.93
13	20	415.62
13	21	1532.81
13	22	1033.67
13	23	1363.74
13	24	1355.55
13	25	1391.35
13	26	1727.14
13	27	394.62
13	28	1737.63
13	29	1376.97
13	30	1036.39
13	31	395.38
13	32	1506.93
13	33	1734.05
13	34	1563.46
13	35	1075.89
13	36	1571.48
13	37	1592.81
13	38	1743.69
13	39	1650.66
13	40	693.54
13	41	1211.0
13	42	577.04
13	43	2133.55
13	44	1969.3
13	45	1777.2
13	46	1149.52
13	47	468.36
13	48	2086.04
13	49	1286.42
13	50	1483.29
13	51	2041.18
13	52	2348.5
13	53	768.16
13	54	801.62
13	55	470.47
13	56	1906.72
13	57	1572.99
13	58	1806.95
13	59	1442.28
13	60	916.1
13	61	1591.14
13	62	1259.35
13	63	1958.09
13	64	401.38
13	65	313.64
13	66	1835.51
13	67	317.69
13	68	1069.72
13	69	1467.0
13	70	1699.05
13	71	1710.47
13	72	1473.67
13	73	1561.35
13	74	1599.26
13	75	900.99
13	76	1794.89
13	77	662.87
13	78	1910.08
13	79	129.54
13	80	561.71
13	81	1839.51
13	82	2026.03
13	83	1285.33
13	84	2234.07
13	85	536.96
13	86	1790.13
13	87	2589.83
13	88	1778.09
13	89	1348.15
13	90	1473.58
13	91	1626.71
13	92	1587.81
13	93	1177.71
13	94	1733.47
13	95	1689.01
13	96	2312.94
13	97	1959.67
13	98	1690.19
13	99	1482.23
13	100	1714.46
13	101	1853.5
13	102	1399.15
13	103	2070.18
13	104	575.7
13	105	1509.34
13	106	1074.84
13	107	253.58
13	108	1322.41
13	109	1654.0
13	110	271.98
13	111	1735.96
13	112	1050.55
13	113	1217.37
13	114	1312.61
13	115	617.88
13	116	837.43
13	117	1466.47
13	118	1578.18
13	119	1905.41
13	120	1701.39
13	121	1775.6
13	122	1549.98
13	123	1718.9
13	124	1553.64
13	125	1090.81
13	126	1428.42
13	127	2048.6
13	128	2165.24
13	129	2077.3
13	130	167.07
13	131	1909.75
13	132	1479.33
13	133	1588.94
13	134	802.31
13	135	1954.86
13	136	1891.04
13	137	1121.45
13	138	1095.47
13	139	1840.64
13	140	1041.78
13	141	1484.07
13	142	1370.31
13	143	1225.99
13	144	2070.46
13	145	1503.67
13	146	1975.27
13	147	354.46
13	148	1762.68
13	149	669.99
13	150	2419.16
14	1	1288.5
14	2	1561.12
14	3	863.5
14	4	383.59
14	5	2710.96
14	6	1741.32
14	7	1684.49
14	8	2242.91
14	9	1280.6
14	10	263.37
14	11	1072.39
14	12	752.93
14	13	1369.17
14	15	1317.19
14	16	985.09
14	17	2539.24
14	18	736.05
14	19	345.08
14	20	1783.78
14	21	1547.11
14	22	2175.03
14	23	1692.06
14	24	1232.97
14	25	2639.78
14	26	1321.41
14	27	1072.63
14	28	2687.83
14	29	843.1
14	30	1264.0
14	31	1608.08
14	32	1300.76
14	33	374.34
14	34	2792.47
14	35	1541.29
14	36	209.77
14	37	927.29
14	38	2643.7
14	39	2592.95
14	40	921.91
14	41	978.46
14	42	1928.67
14	43	2842.0
14	44	914.28
14	45	408.03
14	46	929.89
14	47	1693.55
14	48	857.03
14	49	642.91
14	50	2186.57
14	51	1095.54
14	52	1099.37
14	53	1270.98
14	54	1795.11
14	55	1819.45
14	56	2756.64
14	57	224.9
14	58	2956.06
14	59	890.71
14	60	498.21
14	61	1157.11
14	62	2119.24
14	63	974.34
14	64	1770.41
14	65	1350.03
14	66	725.0
14	67	1618.6
14	68	1402.08
14	69	459.2
14	70	1941.0
14	71	2576.44
14	72	2329.04
14	73	878.03
14	74	273.79
14	75	2009.17
14	76	2056.43
14	77	1131.72
14	78	1361.9
14	79	1484.02
14	80	1298.57
14	81	472.13
14	82	1450.62
14	83	2161.67
14	84	1003.72
14	85	1217.73
14	86	2467.22
14	87	1243.54
14	88	2808.09
14	89	1177.83
14	90	2704.1
14	91	2040.58
14	92	317.24
14	93	404.11
14	94	2168.25
14	95	2205.24
14	96	979.99
14	97	591.8
14	98	2787.92
14	99	245.33
14	100	366.56
14	101	2766.18
14	102	1694.81
14	103	897.39
14	104	1540.19
14	105	382.52
14	106	2329.05
14	107	1130.77
14	108	2422.87
14	109	2783.59
14	110	1629.06
14	111	1974.89
14	112	2215.49
14	113	2263.95
14	114	2493.82
14	115	1050.56
14	116	547.22
14	117	1394.83
14	118	975.2
14	119	2716.89
14	120	905.25
14	121	1999.23
14	122	1490.31
14	123	2149.15
14	124	2412.12
14	125	1036.36
14	126	2401.64
14	127	1103.31
14	128	1002.15
14	129	2401.41
14	130	1258.2
14	131	2053.91
14	132	1190.5
14	133	2300.2
14	134	1925.59
14	135	1096.35
14	136	562.58
14	137	1358.3
14	138	2044.49
14	139	1974.64
14	140	571.2
14	141	230.53
14	142	1043.79
14	143	225.27
14	144	702.1
14	145	2661.39
14	146	1171.09
14	147	1337.18
14	148	2803.42
14	149	1687.73
14	150	1114.35
15	1	511.17
15	2	1234.6
15	3	1626.26
15	4	933.69
15	5	2201.19
15	6	929.75
15	7	1809.05
15	8	1255.63
15	9	1663.88
15	10	1491.52
15	11	2201.3
15	12	738.45
15	13	234.34
15	14	1317.19
15	16	1717.5
15	17	1483.5
15	18	1188.28
15	19	1426.01
15	20	521.31
15	21	1710.41
15	22	1254.62
15	23	1569.0
15	24	1135.82
15	25	1581.86
15	26	1515.11
15	27	250.32
15	28	1967.69
15	29	1197.01
15	30	1210.78
15	31	625.83
15	32	1287.36
15	33	1690.52
15	34	1756.94
15	35	1283.29
15	36	1525.74
15	37	1412.36
15	38	1975.97
15	39	1881.64
15	40	518.66
15	41	1331.82
15	42	735.61
15	43	2367.84
15	44	1821.19
15	45	1720.42
15	46	954.13
15	47	693.7
15	48	1965.99
15	49	1131.45
15	50	1715.83
15	51	1874.67
15	52	2227.16
15	53	535.76
15	54	1035.93
15	55	639.84
15	56	2139.95
15	57	1533.51
15	58	2015.1
15	59	1535.29
15	60	917.39
15	61	1386.65
15	62	1493.69
15	63	1799.81
15	64	517.35
15	65	532.35
15	66	1701.93
15	67	533.5
15	68	1261.11
15	69	1487.89
15	70	1905.63
15	71	1943.88
15	72	1707.85
15	73	1643.06
15	74	1567.8
15	75	1128.52
15	76	2005.14
15	77	827.11
15	78	1704.37
15	79	244.9
15	80	762.44
15	81	1788.49
15	82	1819.64
15	83	1519.62
15	84	2110.58
15	85	308.75
15	86	2023.42
15	87	2500.31
15	88	2002.09
15	89	1491.03
15	90	1668.03
15	91	1845.74
15	92	1497.65
15	93	1065.46
15	94	1955.57
15	95	1915.4
15	96	2219.63
15	97	1907.3
15	98	1907.49
15	99	1393.88
15	100	1677.18
15	101	2084.79
15	102	1602.4
15	103	1938.89
15	104	806.63
15	105	1399.83
15	106	1270.26
15	107	346.45
15	108	1543.84
15	109	1867.13
15	110	355.58
15	111	1943.09
15	112	1267.53
15	113	1445.52
15	114	1521.5
15	115	760.85
15	116	770.08
15	117	1239.86
15	118	1673.48
15	119	2139.38
15	120	1530.26
15	121	1982.22
15	122	1719.39
15	123	1940.51
15	124	1787.61
15	125	882.18
15	126	1659.31
15	127	1881.8
15	128	2029.35
15	129	2296.38
15	130	345.93
15	131	2111.98
15	132	1267.17
15	133	1822.23
15	134	1030.34
15	135	1780.12
15	136	1864.03
15	137	889.4
15	138	1329.35
15	139	2040.48
15	140	1087.37
15	141	1398.53
15	142	1167.6
15	143	1145.43
15	144	2016.45
15	145	1714.02
15	146	1793.33
15	147	569.23
15	148	1985.78
15	149	904.31
15	150	2313.08
16	1	1371.31
16	2	2436.58
16	3	1842.21
16	4	1083.99
16	5	3591.32
16	6	2464.23
16	7	860.47
16	8	2910.44
16	9	426.82
16	10	774.03
16	11	684.08
16	12	987.49
16	13	1884.33
16	14	985.09
16	15	1717.5
16	17	3173.1
16	18	530.0
16	19	642.89
16	20	2238.0
16	21	2519.52
16	22	2875.29
16	23	2626.18
16	24	838.74
16	25	3273.99
16	26	602.61
16	27	1491.75
16	28	3495.7
16	29	530.01
16	30	2180.05
16	31	2238.75
16	32	776.05
16	33	1050.07
16	34	3444.07
16	35	2433.62
16	36	1011.77
16	37	330.85
16	38	3470.19
16	39	3401.46
16	40	1199.52
16	41	1945.67
16	42	2449.25
16	43	3735.71
16	44	220.51
16	45	960.4
16	46	795.77
16	47	2323.78
16	48	534.06
16	49	601.77
16	50	3060.67
16	51	157.2
16	52	699.5
16	53	1339.88
16	54	2544.55
16	55	2348.11
16	56	3604.33
16	57	1054.19
16	58	3667.42
16	59	1875.69
16	60	1334.59
16	61	537.45
16	62	2940.5
16	63	121.49
16	64	2234.79
16	65	2014.33
16	66	332.18
16	67	2196.16
16	68	2311.24
16	69	1428.53
16	70	2900.47
16	71	3413.47
16	72	3161.28
16	73	1855.75
16	74	1111.53
16	75	2720.46
16	76	3016.83
16	77	1949.03
16	78	501.28
16	79	1954.05
16	80	2068.02
16	81	1020.66
16	82	542.17
16	83	2979.18
16	84	597.45
16	85	1457.96
16	86	3359.21
16	87	1130.74
16	88	3583.23
16	89	2152.23
16	90	3353.88
16	91	2975.94
16	92	706.41
16	93	796.73
16	94	3104.48
16	95	3126.52
16	96	898.25
16	97	1051.57
16	98	3527.57
16	99	742.78
16	100	1091.47
16	101	3591.04
16	102	2635.05
16	103	426.28
16	104	2273.36
16	105	602.65
16	106	2956.29
16	107	1726.19
16	108	3152.98
16	109	3504.72
16	110	2072.78
16	111	2935.86
16	112	2903.29
16	113	3016.06
16	114	3177.46
16	115	1850.1
16	116	1164.14
16	117	919.07
16	118	1955.56
16	119	3576.53
16	120	190.71
16	121	2962.9
16	122	2467.51
16	123	3085.56
16	124	3246.39
16	125	910.43
16	126	3191.37
16	127	164.44
16	128	448.75
16	129	3361.91
16	130	1851.06
16	131	3027.59
16	132	682.07
16	133	3176.82
16	134	2624.98
16	135	112.2
16	136	1222.63
16	137	1158.73
16	138	2828.53
16	139	2947.59
16	140	1505.97
16	141	759.7
16	142	654.6
16	143	887.92
16	144	1086.69
16	145	3363.11
16	146	196.43
16	147	2020.37
16	148	3573.22
16	149	2417.45
16	150	871.09
17	1	1957.15
17	2	1266.94
17	3	2349.19
17	4	2206.57
17	5	1237.05
17	6	819.7
17	7	3271.88
17	8	307.66
17	9	3147.31
17	10	2778.11
17	11	3568.28
17	12	2186.61
17	13	1291.03
17	14	2539.24
17	15	1483.5
17	16	3173.1
17	18	2645.02
17	19	2764.97
17	20	1004.3
17	21	1845.94
17	22	413.88
17	23	1500.83
17	24	2609.91
17	25	101.59
17	26	2995.66
17	27	1685.63
17	28	807.76
17	29	2667.89
17	30	1564.7
17	31	945.42
17	32	2760.57
17	33	2865.47
17	34	273.44
17	35	1338.43
17	36	2717.05
17	37	2883.78
17	38	889.1
17	39	776.46
17	40	1984.02
17	41	1934.82
17	42	762.51
17	43	1389.5
17	44	3247.35
17	45	2932.73
17	46	2435.33
17	47	858.53
17	48	3334.58
17	49	2572.77
17	50	1082.6
17	51	3329.54
17	52	3595.32
17	53	1987.04
17	54	804.18
17	55	846.09
17	56	1055.54
17	57	2706.16
17	58	564.87
17	59	2219.63
17	60	2041.87
17	61	2870.11
17	62	828.91
17	63	3242.84
17	64	996.97
17	65	1194.89
17	66	3102.18
17	67	976.95
17	68	1469.68
17	69	2470.36
17	70	1698.19
17	71	924.66
17	72	856.74
17	73	2358.79
17	74	2714.15
17	75	568.55
17	76	1721.48
17	77	1451.17
17	78	3187.54
17	79	1238.63
17	80	1262.01
17	81	2980.6
17	82	3302.57
17	83	802.38
17	84	3485.0
17	85	1783.86
17	86	1230.66
17	87	3782.44
17	88	707.16
17	89	1929.44
17	90	185.04
17	91	1485.2
17	92	2807.17
17	93	2436.38
17	94	1504.4
17	95	1390.1
17	96	3517.83
17	97	3097.85
17	98	541.3
17	99	2702.85
17	100	2833.97
17	101	932.48
17	102	1541.8
17	103	3331.98
17	104	1013.8
17	105	2756.03
17	106	216.9
17	107	1458.59
17	108	386.25
17	109	465.4
17	110	1150.02
17	111	1717.52
17	112	359.2
17	113	510.54
17	114	193.31
17	115	1509.04
17	116	2069.06
17	117	2696.96
17	118	2319.87
17	119	1108.67
17	120	2991.62
17	121	1751.37
17	122	1915.61
17	123	1503.35
17	124	873.72
17	125	2365.43
17	126	649.22
17	127	3337.05
17	128	3430.98
17	129	1806.79
17	130	1329.11
17	131	1898.72
17	132	2748.26
17	133	1101.84
17	134	629.86
17	135	3245.51
17	136	2976.64
17	137	2327.89
17	138	716.18
17	139	1872.57
17	140	2050.62
17	141	2700.68
17	142	2651.04
17	143	2447.48
17	144	3207.29
17	145	315.33
17	146	3266.23
17	147	1203.51
17	148	680.24
17	149	874.62
17	150	3643.04
18	1	876.81
18	2	1973.03
18	3	1569.41
18	4	654.17
18	5	3115.97
18	6	1951.19
18	7	966.03
18	8	2385.94
18	9	608.89
18	10	663.13
18	11	1078.49
18	12	458.42
18	13	1355.13
18	14	736.05
18	15	1188.28
18	16	530.0
18	17	2645.02
18	19	509.73
18	20	1709.25
18	21	2140.83
18	22	2354.96
18	23	2197.54
18	24	527.97
18	25	2745.73
18	26	596.19
18	27	961.96
18	28	2993.57
18	29	107.42
18	30	1747.4
18	31	1714.77
18	32	570.17
18	33	983.87
18	34	2916.54
18	35	1979.28
18	36	868.77
18	37	260.25
18	38	2973.94
18	39	2900.12
18	40	669.86
18	41	1573.14
18	42	1919.27
18	43	3266.32
18	44	646.6
18	45	937.01
18	46	313.34
18	47	1799.04
18	48	858.15
18	49	106.78
18	50	2587.06
18	51	687.17
18	52	1101.49
18	53	847.21
18	54	2036.0
18	55	1818.14
18	56	3114.69
18	57	906.03
18	58	3145.12
18	59	1569.36
18	60	910.68
18	61	426.71
18	62	2447.0
18	63	613.18
18	64	1705.63
18	65	1497.65
18	66	570.2
18	67	1668.2
18	68	1870.23
18	69	1187.19
18	70	2494.6
18	71	2921.23
18	72	2669.4
18	73	1585.49
18	74	967.79
18	75	2202.88
18	76	2610.67
18	77	1473.34
18	78	681.49
18	79	1424.1
18	80	1572.96
18	81	1015.28
18	82	788.32
18	83	2484.06
18	84	983.89
18	85	937.36
18	86	2891.85
18	87	1461.88
18	88	3072.32
18	89	1786.14
18	90	2826.42
18	91	2543.01
18	92	615.57
18	93	378.99
18	94	2670.73
18	95	2680.31
18	96	1186.93
18	97	1099.12
18	98	3009.99
18	99	569.28
18	100	1007.0
18	101	3093.48
18	102	2211.85
18	103	798.6
18	104	1765.03
18	105	452.87
18	106	2428.35
18	107	1205.5
18	108	2635.62
18	109	2984.32
18	110	1543.78
18	111	2531.55
18	112	2381.13
18	113	2503.65
18	114	2653.55
18	115	1371.65
18	116	686.4
18	117	678.52
18	118	1674.8
18	119	3091.85
18	120	346.73
18	121	2562.13
18	122	2100.61
18	123	2652.18
18	124	2754.49
18	125	443.92
18	126	2686.36
18	127	694.44
18	128	873.91
18	129	2952.03
18	130	1327.72
18	131	2643.74
18	132	457.2
18	133	2703.21
18	134	2106.32
18	135	601.37
18	136	1191.61
18	137	755.28
18	138	2325.18
18	139	2563.22
18	140	1122.45
18	141	587.18
18	142	319.49
18	143	543.77
18	144	1179.0
18	145	2840.62
18	146	631.26
18	147	1506.73
18	148	3061.2
18	149	1906.32
18	150	1229.25
19	1	1267.47
19	2	1871.17
19	3	1199.55
19	4	560.14
19	5	3027.16
19	6	1993.05
19	7	1390.72
19	8	2478.68
19	9	968.54
19	10	157.89
19	11	803.33
19	12	734.99
19	13	1527.93
19	14	345.08
19	15	1426.01
19	16	642.89
19	17	2764.97
19	18	509.73
19	20	1929.68
19	21	1890.75
19	22	2422.62
19	23	2024.2
19	24	1037.64
19	25	2866.44
19	26	1042.07
19	27	1176.01
19	28	2978.49
19	29	612.07
19	30	1587.92
19	31	1820.67
19	32	1071.88
19	33	479.12
19	34	3026.66
19	35	1857.67
19	36	388.9
19	37	633.88
19	38	2940.86
19	39	2883.46
19	40	949.15
19	41	1320.04
19	42	2103.56
19	43	3162.97
19	44	572.92
19	45	427.28
19	46	784.54
19	47	1907.56
19	48	570.63
19	49	451.45
19	50	2499.1
19	51	750.46
19	52	830.39
19	53	1243.29
19	54	2057.94
19	55	1995.45
19	56	3061.66
19	57	430.47
19	58	3213.05
19	59	1233.82
19	60	769.82
19	61	890.27
19	62	2412.13
19	63	629.36
19	64	1920.01
19	65	1570.87
19	66	386.38
19	67	1809.91
19	68	1724.11
19	69	786.8
19	70	2281.55
19	71	2877.11
19	72	2627.02
19	73	1213.25
19	74	491.8
19	75	2259.39
19	76	2397.34
19	77	1413.37
19	78	1051.08
19	79	1628.0
19	80	1562.7
19	81	505.67
19	82	1130.77
19	83	2453.41
19	84	721.44
19	85	1254.8
19	86	2786.83
19	87	1075.61
19	88	3087.47
19	89	1521.7
19	90	2937.02
19	91	2373.85
19	92	106.02
19	93	362.22
19	94	2502.02
19	95	2534.19
19	96	794.11
19	97	593.84
19	98	3054.35
19	99	100.18
19	100	507.38
19	101	3063.18
19	102	2029.03
19	103	584.07
19	104	1793.25
19	105	57.72
19	106	2550.37
19	107	1314.95
19	108	2683.67
19	109	3043.24
19	110	1766.81
19	111	2315.89
19	112	2458.71
19	113	2531.88
19	114	2737.78
19	115	1322.86
19	116	698.2
19	117	1186.97
19	118	1312.75
19	119	3025.96
19	120	582.69
19	121	2340.97
19	122	1834.91
19	123	2482.94
19	124	2711.18
19	125	910.76
19	126	2684.41
19	127	758.24
19	128	688.39
19	129	2742.57
19	130	1446.01
19	131	2398.03
19	132	956.88
19	133	2614.0
19	134	2170.29
19	135	754.78
19	136	684.32
19	137	1237.94
19	138	2322.9
19	139	2318.59
19	140	896.93
19	141	116.81
19	142	828.18
19	143	320.2
19	144	681.33
19	145	2913.21
19	146	832.48
19	147	1565.67
19	148	3080.85
19	149	1941.48
19	150	891.33
20	1	956.01
20	2	1195.76
20	3	1918.96
20	4	1407.21
20	5	1918.14
20	6	704.16
20	7	2269.01
20	8	829.07
20	9	2165.59
20	10	1981.64
20	11	2715.36
20	12	1259.37
20	13	415.62
20	14	1783.78
20	15	521.31
20	16	2238.0
20	17	1004.3
20	18	1709.25
20	19	1929.68
20	21	1779.69
20	22	867.88
20	23	1543.96
20	24	1612.83
20	25	1097.47
20	26	2002.83
20	27	761.28
20	28	1608.42
20	29	1715.09
20	30	1309.92
20	31	428.44
20	32	1762.37
20	33	2149.56
20	34	1274.63
20	35	1264.22
20	36	1986.81
20	37	1929.62
20	38	1639.92
20	39	1533.28
20	40	1039.92
20	41	1554.41
20	42	243.31
20	43	2088.21
20	44	2342.06
20	45	2191.71
20	46	1465.79
20	47	427.24
20	48	2479.54
20	49	1652.55
20	50	1501.88
20	51	2395.11
20	52	2741.5
20	53	986.59
20	54	807.52
20	55	192.28
20	56	1814.31
20	57	1988.57
20	58	1559.12
20	59	1807.38
20	60	1330.12
20	61	1886.26
20	62	1235.42
20	63	2321.08
20	64	24.74
20	65	580.54
20	66	2219.84
20	67	304.65
20	68	1304.47
20	69	1873.44
