param n := 100;
param deposito := 9;
param numero_clusters := 20;
param factor := 1;

set Np[1]:= 24 29 100  ;
set Np[2]:= 23 28 36 59 64 95  ;
set Np[3]:= 14 44 52 72  ;
set Np[4]:= 27 41 67 75 82 87 92  ;
set Np[5]:= 3 46 47  ;
set Np[6]:= 22 39  ;
set Np[7]:= 10 50 54 57 60 80 97  ;
set Np[8]:= 2 4 11 37 70 77 85 96  ;
set Np[9]:= 7 12 32 35 40 45 58 63 76 88 99  ;
set Np[10]:= 13 30 31 66  ;
set Np[11]:= 1 21 51 69 74 98  ;
set Np[12]:= 16 26 61 71 73 79 81 83 89  ;
set Np[13]:= 8 25 65  ;
set Np[14]:= 6 55 91 93  ;
set Np[15]:= 33 38 68  ;
set Np[16]:= 18 19 43 86 94  ;
set Np[17]:= 34 53 78  ;
set Np[18]:= 9  ;
set Np[19]:= 15 17 20 49 56 62 84  ;
set Np[20]:= 5 42 48 90  ;


param c:=
1	2	3475.35
1	3	793.36
1	4	3349.38
1	5	1684.9
1	6	2939.93
1	7	146.73
1	8	1303.91
1	9	2084.01
1	10	1489.23
1	11	3496.43
1	12	365.37
1	13	2474.73
1	14	869.51
1	15	1050.45
1	16	671.3
1	17	854.42
1	18	3242.25
1	19	2851.4
1	20	1064.59
1	21	120.62
1	22	2309.49
1	23	909.62
1	24	3384.9
1	25	999.2
1	26	909.38
1	27	2882.44
1	28	1052.4
1	29	3519.95
1	30	2059.44
1	31	1808.87
1	32	455.09
1	33	1975.66
1	34	3095.96
1	35	535.31
1	36	826.46
1	37	3193.0
1	38	1898.88
1	39	2478.34
1	40	681.62
1	41	2706.15
1	42	1752.1
1	43	2701.23
1	44	983.73
1	45	931.12
1	46	832.33
1	47	447.18
1	48	1766.59
1	49	956.74
1	50	1350.43
1	51	379.75
1	52	866.83
1	53	3285.99
1	54	1027.74
1	55	2714.48
1	56	949.87
1	57	1604.68
1	58	560.51
1	59	711.51
1	60	1606.11
1	61	887.34
1	62	748.11
1	63	488.85
1	64	753.3
1	65	1397.38
1	66	2084.48
1	67	3030.16
1	68	1830.0
1	69	332.03
1	70	3091.64
1	71	911.36
1	72	1263.1
1	73	620.3
1	74	74.03
1	75	2620.15
1	76	296.95
1	77	3401.01
1	78	3390.83
1	79	872.21
1	80	1513.25
1	81	1040.55
1	82	3004.24
1	83	186.94
1	84	828.07
1	85	3341.34
1	86	2688.9
1	87	2699.71
1	88	491.63
1	89	1038.32
1	90	1832.26
1	91	2609.51
1	92	2873.48
1	93	2392.37
1	94	2958.46
1	95	727.77
1	96	3385.97
1	97	1292.07
1	98	553.23
1	99	912.8
1	100	3496.16
2	1	3475.35
2	3	4126.81
2	4	146.45
2	5	1984.75
2	6	838.15
2	7	3400.54
2	8	2306.99
2	9	1424.6
2	10	2055.56
2	11	84.08
2	12	3340.15
2	13	1019.7
2	14	3050.01
2	15	3019.56
2	16	3442.14
2	17	2712.97
2	18	1746.09
2	19	1714.03
2	20	2999.08
2	21	3475.22
2	22	1910.17
2	23	3237.01
2	24	1698.68
2	25	2476.16
2	26	3829.57
2	27	658.66
2	28	3467.3
2	29	1578.59
2	30	1582.15
2	31	1677.11
2	32	3392.89
2	33	2133.03
2	34	907.9
2	35	2978.58
2	36	3555.1
2	37	729.28
2	38	2354.95
2	39	1674.78
2	40	2806.22
2	41	835.37
2	42	1939.82
2	43	1703.63
2	44	3030.82
2	45	2557.19
2	46	4122.52
2	47	3723.73
2	48	2035.07
2	49	2825.01
2	50	2355.64
2	51	3786.94
2	52	2984.55
2	53	1044.81
2	54	2454.12
2	55	1123.6
2	56	3015.37
2	57	1875.62
2	58	3281.35
2	59	3612.61
2	60	2077.86
2	61	3309.69
2	62	3010.16
2	63	3168.07
2	64	3268.23
2	65	2116.59
2	66	1451.78
2	67	571.46
2	68	2447.92
2	69	3807.19
2	70	599.05
2	71	3341.19
2	72	2885.88
2	73	3417.78
2	74	3461.39
2	75	869.21
2	76	3367.98
2	77	666.13
2	78	1041.01
2	79	3727.11
2	80	1980.63
2	81	3426.4
2	82	480.46
2	83	3435.94
2	84	2756.29
2	85	549.56
2	86	1824.72
2	87	936.28
2	88	3015.35
2	89	3345.93
2	90	1907.98
2	91	1285.95
2	92	601.88
2	93	1317.77
2	94	1712.39
2	95	3460.5
2	96	465.24
2	97	2188.86
2	98	3719.76
2	99	2585.04
2	100	1465.63
3	1	793.36
3	2	4126.81
3	4	3992.6
3	5	2203.35
3	6	3503.43
3	7	932.65
3	8	1838.69
3	9	2789.47
3	10	2233.55
3	11	4137.89
3	12	1130.98
3	13	3108.39
3	14	1149.96
3	15	1822.04
3	16	740.02
3	17	1633.86
3	18	3612.2
3	19	3236.18
3	20	1838.26
3	21	874.95
3	22	2693.57
3	23	1648.82
3	24	3766.26
3	25	1693.7
3	26	530.07
3	27	3572.92
3	28	1722.98
3	29	3927.9
3	30	2610.11
3	31	2451.8
3	32	1187.28
3	33	2345.23
3	34	3630.83
3	35	1312.56
3	36	1465.71
3	37	3752.86
3	38	2202.68
3	39	2905.3
3	40	1429.81
3	41	3403.34
3	42	2263.64
3	43	3097.92
3	44	1219.87
3	45	1665.42
3	46	77.47
3	47	408.06
3	48	2229.89
3	49	1749.62
3	50	2134.2
3	51	785.87
3	52	1197.7
3	53	3788.53
3	54	1747.55
3	55	3246.36
3	56	1727.35
3	57	2299.62
3	58	1317.66
3	59	1322.85
3	60	2378.21
3	61	963.23
3	62	1537.56
3	63	1278.08
3	64	1495.41
3	65	2010.23
3	66	2686.99
3	67	3726.49
3	68	2111.34
3	69	582.07
3	70	3683.64
3	71	953.57
3	72	1481.35
3	73	743.75
3	74	851.28
3	75	3298.86
3	76	1064.49
3	77	3963.13
3	78	3892.87
3	79	596.39
3	80	2228.0
3	81	980.49
3	82	3671.07
3	83	735.15
3	84	1612.21
3	85	3922.54
3	86	3057.0
3	87	3417.68
3	88	1268.01
3	89	1036.4
3	90	2327.37
3	91	3117.99
3	92	3530.35
3	93	2935.9
3	94	3339.19
3	95	1408.4
3	96	3978.17
3	97	1998.86
3	98	1086.35
3	99	1657.81
3	100	3924.49
4	1	3349.38
4	2	146.45
4	3	3992.6
4	5	1842.24
4	6	697.48
4	7	3277.46
4	8	2168.43
4	9	1315.07
4	10	1945.11
4	11	147.14
4	12	3222.43
4	13	884.22
4	14	2910.01
4	15	2921.34
4	16	3303.94
4	17	2597.9
4	18	1632.51
4	19	1582.1
4	20	2901.18
4	21	3351.96
4	22	1765.43
4	23	3135.31
4	24	1594.11
4	25	2350.45
4	26	3689.65
4	27	583.27
4	28	3370.04
4	29	1485.59
4	30	1438.21
4	31	1546.08
4	32	3277.94
4	33	1986.59
4	34	781.96
4	35	2857.74
4	36	3450.3
4	37	609.24
4	38	2208.52
4	39	1531.43
4	40	2683.75
4	41	750.0
4	42	1796.45
4	43	1566.34
4	44	2889.26
4	45	2435.7
4	46	3987.22
4	47	3590.56
4	48	1890.1
4	49	2719.56
4	50	2254.85
4	51	3665.66
4	52	2845.06
4	53	939.0
4	54	2331.65
4	55	979.74
4	56	2913.27
4	57	1754.41
4	58	3168.83
4	59	3504.01
4	60	1980.84
4	61	3168.64
4	62	2900.25
4	63	3051.76
4	64	3161.59
4	65	1982.76
4	66	1312.64
4	67	528.62
4	68	2301.46
4	69	3681.38
4	70	460.25
4	71	3199.84
4	72	2741.64
4	73	3280.32
4	74	3337.04
4	75	760.95
4	76	3248.62
4	77	578.58
4	78	946.51
4	79	3587.09
4	80	1862.86
4	81	3283.7
4	82	381.27
4	83	3306.13
4	84	2641.85
4	85	450.25
4	86	1687.66
4	87	871.15
4	88	2893.79
4	89	3203.2
4	90	1763.4
4	91	1141.62
4	92	481.13
4	93	1171.43
4	94	1584.88
4	95	3353.25
4	96	376.42
4	97	2066.89
4	98	3605.41
4	99	2464.83
4	100	1373.22
5	1	1684.9
5	2	1984.75
5	3	2203.35
5	4	1842.24
5	6	1300.74
5	7	1662.35
5	8	381.43
5	9	958.86
5	10	940.45
5	11	1981.61
5	12	1697.96
5	13	984.53
5	14	1077.84
5	15	1766.35
5	16	1483.49
5	17	1221.65
5	18	1604.62
5	19	1216.06
5	20	1755.78
5	21	1728.58
5	22	722.97
5	23	1883.92
5	24	1734.34
5	25	823.73
5	26	1854.91
5	27	1544.73
5	28	2153.44
5	29	1850.89
5	30	411.21
5	31	503.77
5	32	1792.34
5	33	511.94
5	34	1430.77
5	35	1324.69
5	36	2106.23
5	37	1549.53
5	38	640.45
5	39	822.9
5	40	1148.57
5	41	1414.0
5	42	68.31
5	43	1062.11
5	44	1048.48
5	45	975.0
5	46	2187.2
5	47	1819.16
5	48	181.6
5	49	1488.01
5	50	1260.91
5	51	2052.26
5	52	1017.61
5	53	1605.5
5	54	881.53
5	55	1045.79
5	56	1695.73
5	57	679.74
5	58	1735.68
5	59	2094.92
5	60	1195.84
5	61	1329.4
5	62	1552.61
5	63	1570.65
5	64	1825.76
5	65	391.04
5	66	548.77
5	67	1702.86
5	68	677.83
5	69	2002.85
5	70	1489.81
5	71	1359.41
5	72	910.49
5	73	1467.1
5	74	1697.95
5	75	1263.75
5	76	1694.92
5	77	1759.79
5	78	1710.52
5	79	1752.04
5	80	768.76
5	81	1441.66
5	82	1575.34
5	83	1587.76
5	84	1266.87
5	85	1722.37
5	86	1081.81
5	87	1505.05
5	88	1342.95
5	89	1361.2
5	90	157.06
5	91	928.17
5	92	1422.09
5	93	732.55
5	94	1322.0
5	95	1982.08
5	96	1781.9
5	97	741.46
5	98	2099.12
5	99	1022.32
5	100	1818.71
6	1	2939.93
6	2	838.15
6	3	3503.43
6	4	697.48
6	5	1300.74
6	7	2892.73
6	8	1667.92
6	9	1157.05
6	10	1709.32
6	11	798.24
6	12	2880.04
6	13	590.81
6	14	2374.83
6	15	2721.91
6	16	2783.21
6	17	2293.44
6	18	1027.18
6	19	900.19
6	20	2704.49
6	21	2964.33
6	22	1080.91
6	23	2906.94
6	24	1035.99
6	25	1970.64
6	26	3146.18
6	27	851.08
6	28	3164.28
6	29	997.63
6	30	893.85
6	31	1168.25
6	32	2954.67
6	33	1334.54
6	34	217.11
6	35	2500.61
6	36	3193.73
6	37	253.07
6	38	1553.2
6	39	839.61
6	40	2318.88
6	41	897.37
6	42	1242.55
6	43	871.24
6	44	2335.34
6	45	2087.63
6	46	3487.93
6	47	3115.39
6	48	1301.52
6	49	2479.17
6	50	2066.85
6	51	3287.93
6	52	2316.86
6	53	471.67
6	54	1979.97
6	55	296.02
6	56	2688.77
6	57	1448.91
6	58	2865.64
6	59	3220.57
6	60	1835.23
6	61	2617.43
6	62	2622.91
6	63	2723.97
6	64	2899.47
6	65	1543.05
6	66	863.44
6	67	933.43
6	68	1650.73
6	69	3267.87
6	70	239.83
6	71	2644.55
6	72	2150.91
6	73	2767.73
6	74	2941.0
6	75	771.37
6	76	2893.22
6	77	462.01
6	78	552.8
6	79	3043.43
6	80	1577.04
6	81	2710.09
6	82	688.79
6	83	2865.15
6	84	2340.47
6	85	426.0
6	86	992.7
6	87	1073.35
6	88	2529.99
6	89	2630.01
6	90	1187.49
6	91	458.76
6	92	592.77
6	93	569.5
6	94	918.68
6	95	3082.32
6	96	496.15
6	97	1732.77
6	98	3279.85
6	99	2125.85
6	100	900.91
7	1	146.73
7	2	3400.54
7	3	932.65
7	4	3277.46
7	5	1662.35
7	6	2892.73
7	8	1285.0
7	9	1996.56
7	10	1389.21
7	11	3424.6
7	12	220.54
7	13	2409.64
7	14	935.62
7	15	903.84
7	16	789.24
7	17	738.76
7	18	3240.89
7	19	2849.23
7	20	918.1
7	21	75.0
7	22	2312.29
7	23	765.1
7	24	3380.22
7	25	930.8
7	26	1051.48
7	27	2796.81
7	28	918.61
7	29	3508.6
7	30	2022.57
7	31	1746.23
7	32	318.28
7	33	1986.06
7	34	3055.64
7	35	429.55
7	36	703.96
7	37	3145.55
7	38	1925.08
7	39	2469.38
7	40	594.51
7	41	2618.8
7	42	1730.35
7	43	2697.47
7	44	1051.83
7	45	844.54
7	46	974.69
7	47	593.9
7	48	1757.5
7	49	817.74
7	50	1227.21
7	51	395.21
7	52	922.07
7	53	3253.07
7	54	946.46
7	55	2677.17
7	56	803.65
7	57	1525.25
7	58	415.28
7	59	601.07
7	60	1490.15
7	61	988.49
7	62	605.19
7	63	345.58
7	64	609.15
7	65	1351.2
7	66	2032.04
7	67	2942.03
7	68	1862.13
7	69	424.19
7	70	3035.74
7	71	1015.93
7	72	1322.33
7	73	735.71
7	74	81.4
7	75	2539.59
7	76	153.16
7	77	3352.07
7	78	3357.55
7	79	1010.0
7	80	1426.62
7	81	1152.17
7	82	2926.09
7	83	308.23
7	84	708.15
7	85	3287.43
7	86	2691.74
7	87	2604.76
7	88	388.96
7	89	1142.63
7	90	1813.71
7	91	2579.11
7	92	2799.04
7	93	2354.3
7	94	2956.45
7	95	597.38
7	96	3328.82
7	97	1211.82
7	98	481.59
7	99	820.48
7	100	3480.22
8	1	1303.91
8	2	2306.99
8	3	1838.69
8	4	2168.43
8	5	381.43
8	6	1667.92
8	7	1285.0
8	9	1107.85
8	10	846.09
8	11	2311.62
8	12	1332.74
8	13	1288.87
8	14	746.91
8	15	1483.22
8	16	1135.55
8	17	917.77
8	18	1963.77
8	19	1572.39
8	20	1475.87
8	21	1349.98
8	22	1049.13
8	23	1570.35
8	24	2099.27
8	25	515.1
8	26	1524.44
8	27	1808.0
8	28	1837.21
8	29	2223.87
8	30	774.29
8	31	675.17
8	32	1431.98
8	33	757.98
8	34	1807.11
8	35	968.1
8	36	1765.12
8	37	1919.11
8	38	784.95
8	39	1186.67
8	40	800.17
8	41	1656.96
8	42	448.26
8	43	1419.23
8	44	744.83
8	45	670.32
8	46	1827.04
8	47	1447.54
8	48	479.03
8	49	1204.44
8	50	1085.36
8	51	1672.89
8	52	679.12
8	53	1986.34
8	54	598.26
8	55	1422.58
8	56	1400.65
8	57	681.14
8	58	1386.91
8	59	1741.96
8	60	1108.22
8	61	1013.32
8	62	1231.8
8	63	1216.93
8	64	1495.08
8	65	266.55
8	66	855.86
8	67	1966.62
8	68	771.18
8	69	1621.45
8	70	1844.97
8	71	1047.76
8	72	695.89
8	73	1113.07
8	74	1318.29
8	75	1524.86
8	76	1325.06
8	77	2129.24
8	78	2091.35
8	79	1422.45
8	80	707.61
8	81	1152.51
8	82	1871.16
8	83	1207.11
8	84	958.98
8	85	2084.54
8	86	1424.13
8	87	1717.02
8	88	981.66
8	89	1074.34
8	90	529.14
8	91	1308.99
8	92	1722.77
8	93	1104.72
8	94	1679.42
8	95	1638.86
8	96	2139.49
8	97	568.86
8	98	1730.7
8	99	718.17
8	100	2195.46
9	1	2084.01
9	2	1424.6
9	3	2789.47
9	4	1315.07
9	5	958.86
9	6	1157.05
9	7	1996.56
9	8	1107.85
9	10	630.97
9	11	1460.04
9	12	1921.15
9	13	566.26
9	14	1824.55
9	15	1616.32
9	16	2168.56
9	17	1290.91
9	18	1994.26
9	19	1687.0
9	20	1596.92
9	21	2071.56
9	22	1428.14
9	23	1824.0
9	24	2065.26
9	25	1097.62
9	26	2575.31
9	27	800.43
9	28	2065.39
9	29	2091.0
9	30	779.69
9	31	458.15
9	32	1969.92
9	33	1397.74
9	34	1370.49
9	35	1568.91
9	36	2135.94
9	37	1374.29
9	38	1576.12
9	39	1350.76
9	40	1404.11
9	41	622.39
9	42	961.43
9	43	1561.81
9	44	1842.65
9	45	1153.61
9	46	2796.74
9	47	2381.41
9	48	1113.4
9	49	1405.17
9	50	948.1
9	51	2375.37
9	52	1751.94
9	53	1621.59
9	54	1056.65
9	55	1104.75
9	56	1601.81
9	57	490.2
9	58	1856.91
9	59	2189.11
9	60	689.77
9	61	2095.44
9	62	1585.85
9	63	1746.99
9	64	1846.6
9	65	851.97
9	66	557.98
9	67	946.19
9	68	1628.43
9	69	2412.82
9	70	1195.62
9	71	2132.73
9	72	1796.7
9	73	2133.27
9	74	2062.35
9	75	555.52
9	76	1952.47
9	77	1547.78
9	78	1708.78
9	79	2477.37
9	80	570.81
9	81	2249.94
9	82	944.24
9	83	2069.03
9	84	1333.4
9	85	1444.54
9	86	1647.28
9	87	630.7
9	88	1607.96
9	89	2173.88
9	90	1000.08
9	91	1126.94
9	92	836.32
9	93	887.48
9	94	1766.76
9	95	2038.18
9	96	1457.15
9	97	794.67
9	98	2296.11
9	99	1176.09
9	100	2011.93
10	1	1489.23
10	2	2055.56
10	3	2233.55
10	4	1945.11
10	5	940.45
10	6	1709.32
10	7	1389.21
10	8	846.09
10	9	630.97
10	11	2090.51
10	12	1297.13
10	13	1140.69
10	14	1409.83
10	15	1012.88
10	16	1685.91
10	17	665.08
10	18	2386.58
10	19	2027.76
10	20	995.25
10	21	1463.84
10	22	1622.54
10	23	1206.12
10	24	2486.73
10	25	567.73
10	26	2092.93
10	27	1424.2
10	28	1457.59
10	29	2551.84
10	30	1034.55
10	31	597.21
10	32	1341.07
10	33	1452.37
10	34	1909.78
10	35	959.77
10	36	1510.17
10	37	1947.02
10	38	1560.33
10	39	1641.76
10	40	809.97
10	41	1243.34
10	42	984.79
10	43	1881.53
10	44	1461.4
10	45	568.14
10	46	2250.2
10	47	1828.84
10	48	1121.62
10	49	781.22
10	50	367.27
10	51	1757.62
10	52	1336.96
10	53	2148.04
10	54	492.39
10	55	1582.46
10	56	985.08
10	57	294.88
10	58	1226.22
10	59	1559.05
10	60	263.84
10	61	1670.17
10	62	955.15
10	63	1120.91
10	64	1218.76
10	65	603.19
10	66	903.41
10	67	1562.88
10	68	1574.46
10	69	1811.42
10	70	1789.9
10	71	1710.07
10	72	1508.35
10	73	1642.23
10	74	1459.67
10	75	1186.47
10	76	1332.4
10	77	2135.71
10	78	2244.24
10	79	2002.26
10	80	174.93
10	81	1846.92
10	82	1575.18
10	83	1499.91
10	84	705.82
10	85	2043.89
10	86	1935.82
10	87	1216.85
10	88	1001.36
10	89	1779.53
10	90	1064.82
10	91	1550.17
10	92	1465.05
10	93	1292.01
10	94	2124.15
10	95	1409.36
10	96	2065.84
10	97	296.38
10	98	1666.29
10	99	578.52
10	100	2489.05
11	1	3496.43
11	2	84.08
11	3	4137.89
11	4	147.14
11	5	1981.61
11	6	798.24
11	7	3424.6
11	8	2311.62
11	9	1460.04
11	10	2090.51
11	12	3369.23
11	13	1029.72
11	14	3051.86
11	15	3063.28
11	16	3447.16
11	17	2744.3
11	18	1678.97
11	19	1660.26
11	20	3043.0
11	21	3499.1
11	22	1876.68
11	23	3278.45
11	24	1627.29
11	25	2497.54
11	26	3831.47
11	27	712.63
11	28	3511.69
11	29	1503.01
11	30	1575.49
11	31	1692.59
11	32	3424.36
11	33	2109.94
11	34	851.16
11	35	3004.8
11	36	3594.42
11	37	669.48
11	38	2331.42
11	39	1637.68
11	40	2830.88
11	41	885.08
11	42	1934.52
11	43	1655.99
11	44	3029.5
11	45	2582.78
11	46	4132.04
11	47	3736.25
11	48	2024.6
11	49	2863.78
11	50	2397.55
11	51	3812.76
11	52	2987.37
11	53	975.29
11	54	2478.77
11	55	1089.0
11	56	3056.51
11	57	1901.45
11	58	3314.82
11	59	3649.15
11	60	2122.12
11	61	3309.41
11	62	3045.65
11	63	3198.37
11	64	3306.2
11	65	2128.4
11	66	1455.77
11	67	637.84
11	68	2425.74
11	69	3828.44
11	70	558.51
11	71	3340.26
11	72	2877.62
11	73	3424.04
11	74	3484.17
11	75	905.09
11	76	3395.58
11	77	591.53
11	78	966.96
11	79	3728.82
11	80	2009.58
11	81	3422.33
11	82	520.81
11	83	3452.71
11	84	2788.14
11	85	480.69
11	86	1776.6
11	87	995.84
11	88	3040.88
11	89	3341.81
11	90	1899.01
11	91	1252.19
11	92	627.69
11	93	1299.85
11	94	1654.62
11	95	3498.04
11	96	393.58
11	97	2213.98
11	98	3751.74
11	99	2611.83
11	100	1390.01
12	1	365.37
12	2	3340.15
12	3	1130.98
12	4	3222.43
12	5	1697.96
12	6	2880.04
12	7	220.54
12	8	1332.74
12	9	1921.15
12	10	1297.13
12	11	3369.23
12	13	2370.29
12	14	1097.42
12	15	692.37
12	16	997.93
12	17	632.06
12	18	3296.32
12	19	2905.08
12	20	707.96
12	21	259.24
12	22	2378.29
12	23	544.61
12	24	3430.35
12	25	911.06
12	26	1271.96
12	27	2719.76
12	28	706.82
12	29	3548.54
12	30	2032.1
12	31	1717.06
12	32	116.21
12	33	2065.21
12	34	3053.15
12	35	380.59
12	36	511.83
12	37	3131.36
12	38	2026.0
12	39	2517.47
12	40	562.74
12	41	2539.5
12	42	1766.24
12	43	2751.79
12	44	1213.42
12	45	795.28
12	46	1178.46
12	47	811.38
12	48	1811.63
12	49	641.9
12	50	1087.59
12	51	468.7
12	52	1072.85
12	53	3261.32
12	54	902.6
12	55	2681.23
12	56	596.37
12	57	1469.94
12	58	195.14
12	59	435.08
12	60	1363.48
12	61	1182.43
12	62	419.53
12	63	178.85
12	64	388.61
12	65	1355.71
12	66	2016.65
12	67	2859.91
12	68	1971.34
12	69	580.04
12	70	3008.35
12	71	1212.51
12	72	1470.21
12	73	943.19
12	74	293.74
12	75	2472.79
12	76	68.68
12	77	3334.72
12	78	3364.87
12	79	1229.3
12	80	1359.75
12	81	1353.65
12	82	2861.66
12	83	525.12
12	84	592.44
12	85	3262.28
12	86	2755.53
12	87	2511.64
12	88	356.18
12	89	1337.97
12	90	1853.35
12	91	2594.44
12	92	2741.59
12	93	2359.2
12	94	3012.06
12	95	394.42
12	96	3298.24
12	97	1161.27
12	98	403.11
12	99	761.11
12	100	3513.45
13	1	2474.73
13	2	1019.7
13	3	3108.39
13	4	884.22
13	5	984.53
13	6	590.81
13	7	2409.64
13	8	1288.87
13	9	566.26
13	10	1140.69
13	11	1029.72
13	12	2370.29
13	14	2034.1
13	15	2151.62
13	16	2423.14
13	17	1759.63
13	18	1489.24
13	19	1233.31
13	20	2133.36
13	21	2483.5
13	22	1134.0
13	23	2346.33
13	24	1540.5
13	25	1479.04
13	26	2812.98
13	27	585.71
13	28	2597.93
13	29	1545.41
13	30	609.11
13	31	666.08
13	32	2434.74
13	33	1242.22
13	34	804.91
13	35	1997.61
13	36	2644.61
13	37	812.54
13	38	1457.57
13	39	973.56
13	40	1819.65
13	41	504.06
13	42	948.3
13	43	1135.05
13	44	2020.07
13	45	1576.07
13	46	3103.23
13	47	2706.53
13	48	1065.19
13	49	1919.98
13	50	1489.13
13	51	2801.56
13	52	1967.56
13	53	1057.21
13	54	1469.67
13	55	577.48
13	56	2125.67
13	57	904.73
13	58	2335.08
13	59	2682.65
13	60	1248.12
13	61	2296.57
13	62	2079.09
13	63	2205.23
13	64	2351.05
13	65	1098.68
13	66	438.21
13	67	737.52
13	68	1537.39
13	69	2806.62
13	70	649.54
13	71	2329.13
13	72	1894.79
13	73	2398.27
13	74	2465.98
13	75	334.74
13	76	2391.22
13	77	995.6
13	78	1142.91
13	79	2710.79
13	80	1025.69
13	81	2420.71
13	82	590.81
13	83	2425.02
13	84	1805.54
13	85	904.09
13	86	1240.97
13	87	654.55
13	88	2031.36
13	89	2340.57
13	90	934.1
13	91	648.06
13	92	437.91
13	93	478.83
13	94	1295.37
13	95	2538.41
13	96	931.19
13	97	1209.06
13	98	2762.59
13	99	1609.18
13	100	1460.18
14	1	869.51
14	2	3050.01
14	3	1149.96
14	4	2910.01
14	5	1077.84
14	6	2374.83
14	7	935.62
14	8	746.91
14	9	1824.55
14	10	1409.83
14	11	3051.86
14	12	1097.42
14	13	2034.1
14	15	1580.19
14	16	412.29
14	17	1081.5
14	18	2476.35
14	19	2094.67
14	20	1583.49
14	21	968.77
14	22	1549.25
14	23	1553.68
14	24	2627.83
14	25	857.91
14	26	779.64
14	27	2552.59
14	28	1777.57
14	29	2783.87
14	30	1489.04
14	31	1415.4
14	32	1213.59
14	33	1201.31
14	34	2490.88
14	35	890.16
14	36	1608.49
14	37	2620.66
14	38	1078.78
14	39	1756.01
14	40	838.4
14	41	2397.93
14	42	1132.97
14	43	1953.24
14	44	116.4
14	45	934.82
14	46	1124.21
14	47	803.56
14	48	1084.55
14	49	1351.2
14	50	1492.66
14	51	1236.78
14	52	73.6
14	53	2641.09
14	54	953.65
14	55	2108.13
14	56	1474.22
14	57	1354.09
14	58	1245.62
14	59	1526.48
14	60	1636.55
14	61	270.9
14	62	1248.66
14	63	1083.08
14	64	1421.89
14	65	976.62
14	66	1598.37
14	67	2710.9
14	68	996.75
14	69	1104.76
14	70	2567.64
14	71	308.42
14	72	394.89
14	73	407.02
14	74	921.38
14	75	2269.95
14	76	1052.72
14	77	2830.39
14	78	2745.13
14	79	677.1
14	80	1330.46
14	81	437.32
14	82	2617.96
14	83	699.81
14	84	1096.07
14	85	2798.49
14	86	1918.81
14	87	2447.69
14	88	868.26
14	89	370.52
14	90	1188.93
14	91	1974.32
14	92	2469.16
14	93	1805.33
14	94	2199.15
14	95	1487.34
14	96	2859.37
14	97	1118.18
14	98	1413.28
14	99	961.01
14	100	2777.14
15	1	1050.45
15	2	3019.56
15	3	1822.04
15	4	2921.34
15	5	1766.35
15	6	2721.91
15	7	903.84
15	8	1483.22
15	9	1616.32
15	10	1012.88
15	11	3063.28
15	12	692.37
15	13	2151.62
15	14	1580.19
15	16	1612.09
15	17	568.57
15	18	3338.71
15	19	2961.42
15	20	22.14
15	21	951.26
15	22	2489.3
15	23	237.72
15	24	3452.28
15	25	968.13
15	26	1936.76
15	27	2366.39
15	28	449.18
15	29	3535.09
15	30	1990.15
15	31	1582.24
15	32	640.49
15	33	2234.78
15	34	2920.75
15	35	693.07
15	36	568.94
15	37	2959.79
15	38	2264.05
15	39	2565.73
15	40	761.0
15	41	2186.11
15	42	1828.59
15	43	2809.18
15	44	1684.96
15	45	813.05
15	46	1870.69
15	47	1497.18
15	48	1924.81
15	49	279.63
15	50	668.28
15	51	1099.43
15	52	1530.9
15	53	3155.96
15	54	891.1
15	55	2583.9
15	56	108.0
15	57	1282.13
15	58	505.06
15	59	672.2
15	60	941.73
15	61	1744.07
15	62	337.05
15	63	571.18
15	64	348.81
15	65	1375.84
15	66	1897.63
15	67	2486.1
15	68	2237.74
15	69	1257.23
15	70	2799.58
15	71	1780.34
15	72	1883.78
15	73	1556.11
15	74	982.39
15	75	2161.81
15	76	760.17
15	77	3147.21
15	78	3253.56
15	79	1881.63
15	80	1151.3
15	81	1930.81
15	82	2542.54
15	83	1184.79
15	84	532.02
15	85	3052.56
15	86	2842.55
15	87	2116.03
15	88	721.28
15	89	1896.26
15	90	1919.02
15	91	2536.48
15	92	2448.61
15	93	2280.85
15	94	3063.88
15	95	516.11
15	96	3070.65
15	97	1048.87
15	98	871.64
15	99	765.4
15	100	3479.66
16	1	671.3
16	2	3442.14
16	3	740.02
16	4	3303.94
16	5	1483.49
16	6	2783.21
16	7	789.24
16	8	1135.55
16	9	2168.56
16	10	1685.91
16	11	3447.16
16	12	997.93
16	13	2423.14
16	14	412.29
16	15	1612.09
16	17	1216.16
16	18	2875.31
16	19	2497.35
16	20	1620.86
16	21	790.54
16	22	1953.94
16	23	1524.9
16	24	3028.53
16	25	1118.28
16	26	408.8
16	27	2922.97
16	28	1704.55
16	29	3188.54
16	30	1894.01
16	31	1785.79
16	32	1105.48
16	33	1605.57
16	34	2902.21
16	35	940.18
16	36	1492.57
16	37	3030.15
16	38	1468.29
16	39	2165.51
16	40	968.91
16	41	2761.97
16	42	1540.66
16	43	2358.29
16	44	480.75
16	45	1146.11
16	46	712.07
16	47	429.84
16	48	1496.57
16	49	1435.22
16	50	1690.38
16	51	977.43
16	52	466.4
16	53	3053.38
16	54	1198.08
16	55	2518.96
16	56	1504.37
16	57	1683.69
16	58	1181.4
16	59	1382.35
16	60	1882.32
16	61	252.18
16	62	1277.05
16	63	1052.02
16	64	1374.88
16	65	1340.44
16	66	1991.41
16	67	3080.04
16	68	1379.69
16	69	801.18
16	70	2972.32
16	71	261.52
16	72	751.39
16	73	56.04
16	74	741.36
16	75	2642.5
16	76	936.68
16	77	3240.1
16	78	3157.4
16	79	316.41
16	80	1637.93
16	81	371.73
16	82	3000.78
16	83	485.47
16	84	1214.71
16	85	3205.79
16	86	2319.08
16	87	2798.21
16	88	903.33
16	89	382.43
16	90	1599.27
16	91	2386.25
16	92	2854.56
16	93	2213.88
16	94	2600.82
16	95	1386.2
16	96	3265.14
16	97	1412.16
16	98	1215.74
16	99	1157.12
16	100	3184.51
17	1	854.42
17	2	2712.97
17	3	1633.86
17	4	2597.9
17	5	1221.65
17	6	2293.44
17	7	738.76
17	8	917.77
17	9	1290.91
17	10	665.08
17	11	2744.3
17	12	632.06
17	13	1759.63
17	14	1081.5
17	15	568.57
17	16	1216.16
17	18	2816.69
17	19	2432.51
17	20	563.21
17	21	811.82
17	22	1941.26
17	23	662.28
17	24	2938.35
17	25	404.47
17	26	1596.32
17	27	2088.31
17	28	931.84
17	29	3035.85
17	30	1490.59
17	31	1125.59
17	32	680.07
17	33	1673.28
17	34	2478.04
17	35	321.47
17	36	907.38
17	37	2541.3
17	38	1696.04
17	39	2036.69
17	40	250.06
17	41	1907.82
17	42	1286.63
17	43	2278.94
17	44	1174.58
17	45	249.0
17	46	1662.05
17	47	1244.86
17	48	1371.02
17	49	295.24
17	50	500.79
17	51	1094.51
17	52	1022.06
17	53	2699.37
17	54	341.22
17	55	2118.96
17	56	482.89
17	57	854.9
17	58	575.46
17	59	927.16
17	60	752.17
17	61	1288.51
17	62	337.09
17	63	456.25
17	64	616.0
17	65	837.61
17	66	1437.05
17	67	2227.91
17	68	1669.18
17	69	1162.85
17	70	2405.0
17	71	1327.8
17	72	1342.26
17	73	1163.41
17	74	814.3
17	75	1844.34
17	76	668.84
17	77	2740.04
17	78	2800.78
17	79	1520.7
17	80	737.01
17	81	1478.68
17	82	2233.49
17	83	905.12
17	84	47.43
17	85	2659.94
17	86	2303.36
17	87	1880.21
17	88	366.0
17	89	1430.28
17	90	1377.42
17	91	2050.93
17	92	2116.77
17	93	1802.92
17	94	2537.11
17	95	791.06
17	96	2690.72
17	97	561.1
17	98	1007.56
17	99	200.94
17	100	2989.09
18	1	3242.25
18	2	1746.09
18	3	3612.2
18	4	1632.51
18	5	1604.62
18	6	1027.18
18	7	3240.89
18	8	1963.77
18	9	1994.26
18	10	2386.58
18	11	1678.97
18	12	3296.32
18	13	1489.24
18	14	2476.35
18	15	3338.71
18	16	2875.31
18	17	2816.69
18	19	391.74
18	20	3325.62
18	21	3302.08
18	22	934.25
18	23	3476.91
18	24	159.66
18	25	2425.95
18	26	3153.16
18	27	1876.83
18	28	3746.25
18	29	356.79
18	30	1355.28
18	31	1789.7
18	32	3393.94
18	33	1277.52
18	34	863.04
18	35	2927.34
18	36	3710.12
18	37	1023.88
18	38	1410.5
18	39	781.85
18	40	2752.75
18	41	1905.88
18	42	1537.17
18	43	544.54
18	44	2394.73
18	45	2574.09
18	46	3575.68
18	47	3279.53
18	48	1485.56
18	49	3066.43
18	50	2751.14
18	51	3619.65
18	52	2442.44
18	53	705.54
18	54	2475.6
18	55	912.06
18	56	3278.56
18	57	2092.33
18	58	3340.24
18	59	3699.16
18	60	2585.02
18	61	2651.12
18	62	3151.57
18	63	3174.42
18	64	3427.26
18	65	1979.36
18	66	1496.28
18	67	1959.25
18	68	1504.83
18	69	3539.37
18	70	1208.22
18	71	2664.84
18	72	2132.41
18	73	2880.0
18	74	3266.38
18	75	1760.68
18	76	3288.5
18	77	1097.66
18	78	736.48
18	79	3057.78
18	80	2219.76
18	81	2674.01
18	82	1713.36
18	83	3116.39
18	84	2863.02
18	85	1198.28
18	86	557.85
18	87	2080.95
18	88	2943.6
18	89	2603.17
18	90	1447.63
18	91	867.44
18	92	1618.8
18	93	1115.72
18	94	284.53
18	95	3586.39
18	96	1286.23
18	97	2289.87
18	98	3694.29
18	99	2620.51
18	100	415.74
19	1	2851.4
19	2	1714.03
19	3	3236.18
19	4	1582.1
19	5	1216.06
19	6	900.19
19	7	2849.23
19	8	1572.39
19	9	1687.0
19	10	2027.76
19	11	1660.26
19	12	2905.08
19	13	1233.31
19	14	2094.67
19	15	2961.42
19	16	2497.35
19	17	2432.51
19	18	391.74
19	20	2948.94
19	21	2910.56
19	22	546.63
19	23	3093.9
19	24	535.01
19	25	2038.95
19	26	2787.98
19	27	1704.0
19	28	3363.46
19	29	693.05
19	30	993.36
19	31	1434.79
19	32	3003.18
19	33	893.43
19	34	809.91
19	35	2536.96
19	36	3322.28
19	37	993.79
19	38	1042.35
19	39	396.11
19	40	2363.11
19	41	1698.46
19	42	1149.07
19	43	153.95
19	44	2016.66
19	45	2188.38
19	46	3201.96
19	47	2896.64
19	48	1093.96
19	49	2687.14
19	50	2388.7
19	51	3228.48
19	52	2058.39
19	53	768.64
19	54	2091.29
19	55	687.42
19	56	2898.42
19	57	1732.9
19	58	2950.94
19	59	3309.38
19	60	2238.51
19	61	2278.41
19	62	2766.25
19	63	2784.4
19	64	3040.91
19	65	1594.94
19	66	1158.35
19	67	1811.18
19	68	1140.32
19	69	3150.15
19	70	1124.89
19	71	2294.01
19	72	1761.0
19	73	2499.98
19	74	2875.03
19	75	1539.37
19	76	2896.92
19	77	1134.01
19	78	844.42
19	79	2690.86
19	80	1857.57
19	81	2311.55
19	82	1574.21
19	83	2727.2
19	84	2478.53
19	85	1198.3
19	86	185.92
19	87	1867.54
19	88	2552.77
19	89	2238.56
19	90	1059.0
19	91	585.26
19	92	1454.37
19	93	800.19
19	94	107.22
19	95	3198.1
19	96	1288.36
19	97	1913.79
19	98	3302.73
19	99	2235.15
19	100	703.48
20	1	1064.59
20	2	2999.08
20	3	1838.26
20	4	2901.18
20	5	1755.78
20	6	2704.49
20	7	918.1
20	8	1475.87
20	9	1596.92
20	10	995.25
20	11	3043.0
20	12	707.96
20	13	2133.36
20	14	1583.49
20	15	22.14
20	16	1620.86
20	17	563.21
20	18	3325.62
20	19	2948.94
20	21	966.54
20	22	2478.75
20	23	259.83
20	24	3438.6
20	25	960.81
20	26	1948.27
20	27	2345.65
20	28	468.98
20	29	3520.49
20	30	1976.17
20	31	1566.67
20	32	658.32
20	33	2226.26
20	34	2903.75
20	35	698.09
20	36	591.07
20	37	2941.95
20	38	2257.57
20	39	2553.38
20	40	760.88
20	41	2165.45
20	42	1817.7
20	43	2796.85
20	44	1687.58
20	45	806.09
20	46	1886.42
20	47	1511.0
20	48	1915.17
20	49	271.45
20	50	648.82
20	51	1118.54
20	52	1533.44
20	53	3139.42
20	54	882.3
20	55	2567.91
20	56	117.09
20	57	1266.0
20	58	522.07
20	59	694.09
20	60	921.23
20	61	1750.17
20	62	344.33
20	63	583.25
20	64	369.05
20	65	1365.04
20	66	1881.88
20	67	2465.05
20	68	2232.19
20	69	1274.8
20	70	2781.09
20	71	1786.64
20	72	1883.83
20	73	1564.92
20	74	997.02
20	75	2141.83
20	76	775.51
20	77	3128.96
20	78	3236.85
20	79	1892.27
20	80	1135.09
20	81	1937.32
20	82	2522.24
20	83	1196.84
20	84	527.88
20	85	3033.93
20	86	2830.99
20	87	2094.83
20	88	727.33
20	89	1901.96
20	90	1908.04
20	91	2521.46
20	92	2428.77
20	93	2265.59
20	94	3051.2
20	95	537.82
20	96	3051.68
20	97	1035.78
20	98	892.6
20	99	758.63
20	100	3464.6
21	1	120.62
21	2	3475.22
21	3	874.95
21	4	3351.96
21	5	1728.58
21	6	2964.33
21	7	75.0
21	8	1349.98
21	9	2071.56
21	10	1463.84
21	11	3499.1
21	12	259.24
21	13	2483.5
21	14	968.77
21	15	951.26
21	16	790.54
21	17	811.82
21	18	3302.08
21	19	2910.56
21	20	966.54
21	22	2371.96
21	23	798.63
21	24	3442.39
21	25	1004.5
21	26	1026.3
21	27	2871.8
21	28	933.13
21	29	3572.63
21	30	2092.11
21	31	1819.7
21	32	338.71
21	33	2043.15
21	34	3126.09
21	35	504.34
21	36	705.84
21	37	3217.22
21	38	1976.63
21	39	2532.52
21	40	669.34
21	41	2693.8
21	42	1796.43
21	43	2759.22
21	44	1084.28
21	45	919.46
21	46	920.44
21	47	555.21
21	48	1820.32
21	49	880.37
21	50	1297.79
21	51	324.78
21	52	960.29
21	53	3322.12
21	54	1021.2
21	55	2746.98
21	56	853.9
21	57	1600.04
21	58	452.55
21	59	591.82
21	60	1562.53
21	61	1002.08
21	62	664.04
21	63	405.77
21	64	642.13
21	65	1422.1
21	66	2104.26
21	67	3017.03
21	68	1911.4
21	69	351.23
21	70	3108.62
21	71	1027.28
21	72	1359.5
21	73	738.89
21	74	49.65
21	75	2614.49
21	76	191.09
21	77	3424.0
21	78	3426.69
21	79	991.55
21	80	1501.61
21	81	1158.65
21	82	3000.92
21	83	305.13
21	84	780.33
21	85	3360.07
21	86	2751.53
21	87	2679.57
21	88	463.91
21	89	1154.3
21	90	1879.05
21	91	2647.5
21	92	2873.67
21	93	2424.18
21	94	3017.76
21	95	607.98
21	96	3401.88
21	97	1286.59
21	98	444.96
21	99	895.48
21	100	3545.44
22	1	2309.49
22	2	1910.17
22	3	2693.57
22	4	1765.43
22	5	722.97
22	6	1080.91
22	7	2312.29
22	8	1049.13
22	9	1428.14
22	10	1622.54
22	11	1876.68
22	12	2378.29
22	13	1134.0
22	14	1549.25
22	15	2489.3
22	16	1953.94
22	17	1941.26
22	18	934.25
22	19	546.63
22	20	2478.75
22	21	2371.96
22	23	2602.88
22	24	1081.47
22	25	1539.47
22	26	2255.53
22	27	1701.31
22	28	2872.01
22	29	1234.79
22	30	650.04
22	31	1067.46
22	32	2479.76
22	33	348.37
22	34	1099.83
22	35	2017.18
22	36	2812.72
22	37	1271.73
22	38	522.25
22	39	251.64
22	40	1848.32
22	41	1638.05
22	42	661.93
22	43	404.36
22	44	1473.72
22	45	1693.12
22	46	2661.08
22	47	2350.46
22	48	573.03
22	49	2210.81
22	50	1965.48
22	51	2687.66
22	52	1512.02
22	53	1171.4
22	54	1602.7
22	55	787.68
22	56	2417.85
22	57	1335.75
22	58	2435.81
22	59	2791.03
22	60	1860.44
22	61	1739.66
22	62	2268.61
22	63	2266.05
22	64	2538.14
22	65	1113.86
22	66	871.03
22	67	1839.27
22	68	623.93
22	69	2605.14
22	70	1319.12
22	71	1757.06
22	72	1225.38
22	73	1955.24
22	74	2335.25
22	75	1468.73
22	76	2366.53
22	77	1460.15
22	78	1268.06
22	79	2156.87
22	80	1447.66
22	81	1783.68
22	82	1635.65
22	83	2182.15
22	84	1985.76
22	85	1479.59
22	86	379.59
22	87	1783.89
22	88	2029.94
22	89	1708.51
22	90	572.53
22	91	624.57
22	92	1489.11
22	93	660.15
22	94	652.48
22	95	2686.92
22	96	1561.79
22	97	1458.22
22	98	2772.21
22	99	1740.88
22	100	1232.37
23	1	909.62
23	2	3237.01
23	3	1648.82
23	4	3135.31
23	5	1883.92
23	6	2906.94
23	7	765.1
23	8	1570.35
23	9	1824.0
23	10	1206.12
23	11	3278.45
23	12	544.61
23	13	2346.33
23	14	1553.68
23	15	237.72
23	16	1524.9
23	17	662.28
23	18	3476.91
23	19	3093.9
23	20	259.83
23	21	798.63
23	22	2602.88
23	24	3596.49
23	25	1063.77
23	26	1816.16
23	27	2587.0
23	28	269.62
23	29	3688.92
23	30	2141.34
23	31	1751.54
23	32	464.25
23	33	2328.27
23	34	3100.94
23	35	673.07
23	36	331.88
23	37	3148.84
23	38	2336.01
23	39	2697.91
23	40	791.8
23	41	2406.03
23	42	1948.89
23	43	2940.47
23	44	1664.72
23	45	909.77
23	46	1702.93
23	47	1353.77
23	48	2031.64
23	49	427.77
23	50	881.38
23	51	896.67
23	52	1513.32
23	53	3330.92
23	54	1003.08
23	55	2754.07
23	56	222.19
23	57	1458.85
23	58	350.07
23	59	436.65
23	60	1162.34
23	61	1685.2
23	62	339.84
23	63	477.98
23	64	156.52
23	65	1499.08
23	66	2067.29
23	67	2710.11
23	68	2300.02
23	69	1071.97
23	70	2995.78
23	71	1718.81
23	72	1889.17
23	73	1469.14
23	74	837.1
23	75	2374.53
23	76	612.73
23	77	3340.34
23	78	3430.3
23	79	1771.12
23	80	1329.95
23	81	1865.83
23	82	2758.31
23	83	1066.11
23	84	617.22
23	85	3249.93
23	86	2965.65
23	87	2341.87
23	88	688.08
23	89	1840.39
23	90	2039.68
23	91	2696.64
23	92	2659.49
23	93	2444.19
23	94	3198.17
23	95	283.82
23	96	3271.64
23	97	1198.78
23	98	647.24
23	99	862.07
23	100	3638.48
24	1	3384.9
24	2	1698.68
24	3	3766.26
24	4	1594.11
24	5	1734.34
24	6	1035.99
24	7	3380.22
24	8	2099.27
24	9	2065.26
24	10	2486.73
24	11	1627.29
24	12	3430.35
24	13	1540.5
24	14	2627.83
24	15	3452.28
24	16	3028.53
24	17	2938.35
24	18	159.66
24	19	535.01
24	20	3438.6
24	21	3442.39
24	22	1081.47
24	23	3596.49
24	25	2551.81
24	26	3310.0
24	27	1885.69
24	28	3865.37
24	29	204.98
24	30	1463.0
24	31	1889.71
24	32	3526.32
24	33	1427.29
24	34	850.17
24	35	3058.91
24	36	3836.2
24	37	993.33
24	38	1565.97
24	39	912.9
24	40	2882.78
24	41	1929.62
24	42	1666.39
24	43	683.67
24	44	2547.81
24	45	2697.99
24	46	3730.49
24	47	3430.46
24	48	1622.9
24	49	3182.33
24	50	2852.98
24	51	3761.33
24	52	2592.58
24	53	655.2
24	54	2597.87
24	55	965.57
24	56	3395.11
24	57	2193.96
24	58	3469.18
24	59	3828.92
24	60	2676.14
24	61	2806.07
24	62	3274.34
24	63	3304.96
24	64	3551.22
24	65	2102.67
24	66	1588.27
24	67	1956.53
24	68	1661.13
24	69	3684.9
24	70	1192.66
24	71	2820.3
24	72	2287.55
24	73	3032.35
24	74	3407.47
24	75	1792.35
24	76	3424.27
24	77	1037.35
24	78	664.12
24	79	3214.25
24	80	2322.89
24	81	2831.24
24	82	1710.04
24	83	3261.98
24	84	2985.01
24	85	1149.32
24	86	709.46
24	87	2105.63
24	88	3076.4
24	89	2760.0
24	90	1577.91
24	91	946.18
24	92	1627.65
24	93	1201.69
24	94	429.08
24	95	3713.32
24	96	1234.0
24	97	2403.98
24	98	3829.75
24	99	2743.9
24	100	284.61
25	1	999.2
25	2	2476.16
25	3	1693.7
25	4	2350.45
25	5	823.73
25	6	1970.64
25	7	930.8
25	8	515.1
25	9	1097.62
25	10	567.73
25	11	2497.54
25	12	911.06
25	13	1479.04
25	14	857.91
25	15	968.13
25	16	1118.28
25	17	404.47
25	18	2425.95
25	19	2038.95
25	20	960.81
25	21	1004.5
25	22	1539.47
25	23	1063.77
25	24	2551.81
25	26	1525.69
25	27	1889.81
25	28	1332.65
25	29	2657.7
25	30	1124.75
25	31	815.6
25	32	992.5
25	33	1268.93
25	34	2142.11
25	35	530.64
25	36	1284.46
25	37	2222.61
25	38	1297.72
25	39	1644.29
25	40	348.54
25	41	1716.23
25	42	890.08
25	43	1885.06
25	44	923.48
25	45	155.67
25	46	1703.89
25	47	1285.81
25	48	967.87
25	49	689.4
25	50	650.59
25	51	1323.91
25	52	786.98
25	53	2351.31
25	54	102.0
25	55	1770.75
25	56	886.68
25	57	610.2
25	58	920.65
25	59	1281.37
25	60	779.57
25	61	1110.2
25	62	729.46
25	63	763.75
25	64	1002.09
25	65	451.67
25	66	1107.34
25	67	2040.39
25	68	1276.48
25	69	1331.09
25	70	2106.48
25	71	1150.4
25	72	1026.0
25	73	1075.08
25	74	987.31
25	75	1623.28
25	76	922.58
25	77	2427.32
25	78	2454.59
25	79	1434.58
25	80	534.81
25	81	1291.61
25	82	2005.78
25	83	971.7
25	84	447.46
25	85	2359.04
25	86	1904.86
25	87	1724.19
25	88	559.36
25	89	1228.16
25	90	980.52
25	91	1688.04
25	92	1874.29
25	93	1449.24
25	94	2144.44
25	95	1161.6
25	96	2398.88
25	97	305.29
25	98	1313.12
25	99	203.73
25	100	2616.5
26	1	909.38
26	2	3829.57
26	3	530.07
26	4	3689.65
26	5	1854.91
26	6	3146.18
26	7	1051.48
26	8	1524.44
26	9	2575.31
26	10	2092.93
26	11	3831.47
26	12	1271.96
26	13	2812.98
26	14	779.64
26	15	1936.76
26	16	408.8
26	17	1596.32
26	18	3153.16
26	19	2787.98
26	20	1948.27
26	21	1026.3
26	22	2255.53
26	23	1816.16
26	24	3310.0
26	25	1525.69
26	27	3323.47
26	28	1958.11
26	29	3480.83
26	30	2265.88
26	31	2185.26
26	32	1364.28
26	33	1910.8
26	34	3252.93
26	35	1300.16
26	36	1721.12
26	37	3389.2
26	38	1745.77
26	39	2482.04
26	40	1354.85
26	41	3164.63
26	42	1907.89
26	43	2657.04
26	44	810.95
26	45	1546.85
26	46	467.42
26	47	489.61
26	48	1847.12
26	49	1790.48
26	50	2082.2
26	51	1101.09
26	52	845.42
26	53	3389.3
26	54	1603.41
26	55	2873.31
26	56	1831.29
26	57	2091.65
26	58	1466.09
26	59	1592.64
26	60	2284.22
26	61	529.12
26	62	1611.16
26	63	1365.71
26	64	1660.52
26	65	1741.21
26	66	2377.84
26	67	3481.1
26	68	1649.1
26	69	888.93
26	70	3343.63
26	71	504.37
26	72	1030.36
26	73	450.7
26	74	983.17
26	75	3041.94
26	76	1204.5
26	77	3598.09
26	78	3492.03
26	79	102.88
26	80	2046.72
26	81	480.67
26	82	3395.12
26	83	753.02
26	84	1589.54
26	85	3571.19
26	86	2604.86
26	87	3204.28
26	88	1259.39
26	89	550.0
26	90	1958.72
26	91	2733.4
26	92	3247.18
26	93	2577.29
26	94	2887.82
26	95	1632.18
26	96	3634.05
26	97	1820.81
26	98	1386.35
26	99	1554.77
26	100	3486.33
27	1	2882.44
27	2	658.66
27	3	3572.92
27	4	583.27
27	5	1544.73
27	6	851.08
27	7	2796.81
27	8	1808.0
27	9	800.43
27	10	1424.2
27	11	712.63
27	12	2719.76
27	13	585.71
27	14	2552.59
27	15	2366.39
27	16	2922.97
27	17	2088.31
27	18	1876.83
27	19	1704.0
27	20	2345.65
27	21	2871.8
27	22	1701.31
27	23	2587.0
27	24	1885.69
27	25	1889.81
27	26	3323.47
27	28	2812.95
27	29	1831.36
27	30	1191.17
27	31	1138.26
27	32	2765.2
27	33	1827.77
27	34	1041.12
27	35	2369.34
27	36	2908.46
27	37	938.17
27	38	2043.26
27	39	1514.93
27	40	2203.77
27	41	181.62
27	42	1516.26
27	43	1635.75
27	44	2551.8
27	45	1953.2
27	46	3575.93
27	47	3165.57
27	48	1642.23
27	49	2180.64
27	50	1706.26
27	51	3175.59
27	52	2482.71
27	53	1275.97
27	54	1854.71
27	55	1017.33
27	56	2366.15
27	57	1279.73
27	58	2648.5
27	59	2971.61
27	60	1425.2
27	61	2820.87
27	62	2372.85
27	63	2544.54
27	64	2624.7
27	65	1582.68
27	66	998.39
27	67	158.9
27	68	2122.5
27	69	3212.07
27	70	719.48
27	71	2855.66
27	72	2451.89
27	73	2892.4
27	74	2862.08
27	75	283.48
27	76	2752.22
27	77	1025.46
27	78	1325.42
27	79	3222.86
27	80	1370.37
27	81	2958.09
27	82	218.05
27	83	2860.83
27	84	2129.81
27	85	892.33
27	86	1751.69
27	87	290.02
27	88	2408.32
27	89	2878.95
27	90	1511.26
27	91	1143.48
27	92	258.31
27	93	1041.51
27	94	1742.81
27	95	2817.57
27	96	860.57
27	97	1590.7
27	98	3089.8
27	99	1976.39
27	100	1727.24
28	1	1052.4
28	2	3467.3
28	3	1722.98
28	4	3370.04
28	5	2153.44
28	6	3164.28
28	7	918.61
28	8	1837.21
28	9	2065.39
28	10	1457.59
28	11	3511.69
28	12	706.82
28	13	2597.93
28	14	1777.57
28	15	449.18
28	16	1704.55
28	17	931.84
28	18	3746.25
28	19	3363.46
28	20	468.98
28	21	933.13
28	22	2872.01
28	23	269.62
28	24	3865.37
28	25	1332.65
28	26	1958.11
28	27	2812.95
28	29	3956.52
28	30	2408.89
28	31	2014.46
28	32	600.35
28	33	2595.17
28	34	3360.61
28	35	917.83
28	36	260.16
28	37	3404.13
28	38	2598.38
28	39	2967.45
28	40	1051.11
28	41	2633.11
28	42	2218.47
28	43	3210.05
28	44	1891.21
28	45	1179.02
28	46	1784.81
28	47	1477.43
28	48	2300.44
28	49	689.24
28	50	1117.43
28	51	939.75
28	52	1742.83
28	53	3592.78
28	54	1272.69
28	55	3017.39
28	56	476.68
28	57	1718.76
28	58	533.72
28	59	405.39
28	60	1389.63
28	61	1885.72
28	62	605.41
28	63	695.42
28	64	359.66
28	65	1768.68
28	66	2330.39
28	67	2930.36
28	68	2559.79
28	69	1141.84
28	70	3246.59
28	71	1916.92
28	72	2127.85
28	73	1649.93
28	74	978.44
28	75	2610.81
28	76	768.24
28	77	3593.24
28	78	3691.5
28	79	1924.56
28	80	1588.86
28	81	2059.61
28	82	2990.9
28	83	1226.83
28	84	886.62
28	85	3499.97
28	86	3235.2
28	87	2559.0
28	88	926.34
28	89	2041.48
28	90	2309.26
28	91	2962.69
28	92	2897.74
28	93	2709.36
28	94	3467.68
28	95	326.01
28	96	3518.98
28	97	1465.58
28	98	647.39
28	99	1131.4
28	100	3905.1
29	1	3519.95
29	2	1578.59
29	3	3927.9
29	4	1485.59
29	5	1850.89
29	6	997.63
29	7	3508.6
29	8	2223.87
29	9	2091.0
29	10	2551.84
29	11	1503.01
29	12	3548.54
29	13	1545.41
29	14	2783.87
29	15	3535.09
29	16	3188.54
29	17	3035.85
29	18	356.79
29	19	693.05
29	20	3520.49
29	21	3572.63
29	22	1234.79
29	23	3688.92
29	24	204.98
29	25	2657.7
29	26	3480.83
29	27	1831.36
29	28	3956.52
29	30	1547.63
29	31	1958.48
29	32	3641.28
29	33	1583.1
29	34	791.88
29	35	3173.34
29	36	3939.34
29	37	906.53
29	38	1735.07
29	39	1041.85
29	40	2994.86
29	41	1893.71
29	42	1782.59
29	43	830.63
29	44	2708.07
29	45	2800.03
29	46	3894.39
29	47	3584.05
29	48	1753.41
29	49	3269.61
29	50	2919.1
29	51	3893.91
29	52	2745.42
29	53	560.29
29	54	2697.5
29	55	987.49
29	56	3482.93
29	57	2262.93
29	58	3578.02
29	59	3938.61
29	60	2726.88
29	61	2971.21
29	62	3372.85
29	63	3416.98
29	64	3651.2
29	65	2206.25
29	66	1648.46
29	67	1887.14
29	68	1832.46
29	69	3825.68
29	70	1118.83
29	71	2987.0
29	72	2454.01
29	73	3190.02
29	74	3539.34
29	75	1768.15
29	76	3545.73
29	77	912.49
29	78	539.14
29	79	3383.85
29	80	2393.38
29	81	3003.9
29	82	1642.49
29	83	3403.44
29	84	3082.94
29	85	1035.46
29	86	876.21
29	87	2069.33
29	88	3193.03
29	89	2931.26
29	90	1696.59
29	91	1001.81
29	92	1576.36
29	93	1259.86
29	94	593.63
29	95	3818.16
29	96	1114.51
29	97	2491.13
29	98	3950.0
29	99	2844.92
29	100	113.0
30	1	2059.44
30	2	1582.15
30	3	2610.11
30	4	1438.21
30	5	411.21
30	6	893.85
30	7	2022.57
30	8	774.29
30	9	779.69
30	10	1034.55
30	11	1575.49
30	12	2032.1
30	13	609.11
30	14	1489.04
30	15	1990.15
30	16	1894.01
30	17	1490.59
30	18	1355.28
30	19	993.36
30	20	1976.17
30	21	2092.11
30	22	650.04
30	23	2141.34
30	24	1463.0
30	25	1124.75
30	26	2265.88
30	27	1191.17
30	28	2408.89
30	29	1547.63
30	31	442.83
30	32	2116.94
30	33	653.33
30	34	1037.0
30	35	1651.97
30	36	2396.77
30	37	1144.82
30	38	859.42
30	39	612.29
30	40	1470.33
30	41	1084.61
30	42	359.56
30	43	848.5
30	44	1458.24
30	45	1259.96
30	46	2595.67
30	47	2221.58
30	48	458.47
30	49	1722.47
30	50	1396.92
30	51	2416.87
30	52	1428.48
30	53	1231.08
30	54	1155.2
30	55	655.16
30	56	1935.72
30	57	739.67
30	58	2043.26
30	59	2403.66
30	60	1248.61
30	61	1739.68
30	62	1827.66
30	63	1888.5
30	64	2106.57
30	65	676.44
30	66	228.97
30	67	1345.42
30	68	933.62
30	69	2384.04
30	70	1078.66
30	71	1769.14
30	72	1303.83
30	73	1876.64
30	74	2065.53
30	75	921.59
30	76	2037.69
30	77	1354.96
30	78	1335.32
30	79	2163.0
30	80	865.38
30	81	1847.24
30	82	1192.91
30	83	1976.05
30	84	1537.87
30	85	1312.86
30	86	910.89
30	87	1204.38
30	88	1676.63
30	89	1766.71
30	90	328.32
30	91	563.32
30	92	1038.08
30	93	333.02
30	94	1089.72
30	95	2277.5
