param n := 136;
param deposito := 85;
param numero_clusters := 28;
param factor := 1;

set Np[1]:= 124 125 133  ;
set Np[2]:= 5 18 30  ;
set Np[3]:= 3 10 11 14 21 24 25  ;
set Np[4]:= 106 108 109 118 120 130 131 136  ;
set Np[5]:= 42 50 54 61 62 66  ;
set Np[6]:= 70 77 78 79 82 89 93 94  ;
set Np[7]:= 2 8 16  ;
set Np[8]:= 85  ;
set Np[9]:= 35 46 47 56 57 68  ;
set Np[10]:= 111 122 128  ;
set Np[11]:= 38 39 40 41 51 53 63 64 65  ;
set Np[12]:= 43 49 60  ;
set Np[13]:= 75 86 95 96 99  ;
set Np[14]:= 69 80 81 90 91 92 102  ;
set Np[15]:= 9 15 26  ;
set Np[16]:= 107 119 132  ;
set Np[17]:= 101 104 112 113 116 123 126 127 134  ;
set Np[18]:= 1 6 7 17 19 28 29 31  ;
set Np[19]:= 4 12 13 22 23 34  ;
set Np[20]:= 105 110 117 121 129 135  ;
set Np[21]:= 33 36 44 45 48  ;
set Np[22]:= 52  ;
set Np[23]:= 88  ;
set Np[24]:= 72 73 74 84 97 98  ;
set Np[25]:= 71 76 83 87 100  ;
set Np[26]:= 20 27 32 37  ;
set Np[27]:= 55 58 59 67  ;
set Np[28]:= 103 114 115  ;


param c:=
1	2	1975.0
1	3	7150.0
1	4	9125.0
1	5	1221.98
1	6	637.46
1	7	706.63
1	8	1297.57
1	9	5976.05
1	10	6600.28
1	11	7791.17
1	12	8415.71
1	13	9146.38
1	14	7177.26
1	15	5000.66
1	16	2071.53
1	17	625.0
1	18	2311.73
1	19	795.0
1	20	2129.0
1	21	7194.06
1	22	9159.57
1	23	8482.94
1	24	7863.73
1	25	6685.79
1	26	6070.35
1	27	1679.2
1	28	1278.8
1	29	1241.91
1	30	1621.49
1	31	1420.0
1	32	2432.49
1	33	7289.64
1	34	9234.83
1	35	9474.6
1	36	7591.11
1	37	3225.39
1	38	2550.0
1	39	3094.63
1	40	2913.73
1	41	2929.65
1	42	3125.25
1	43	6617.9
1	44	7186.6
1	45	8293.72
1	46	8883.0
1	47	9661.59
1	48	7823.24
1	49	5927.07
1	50	3739.15
1	51	3175.0
1	52	3932.89
1	53	3345.0
1	54	3884.54
1	55	7893.76
1	56	9718.78
1	57	9171.9
1	58	8602.43
1	59	7540.77
1	60	7000.9
1	61	3870.81
1	62	3714.68
1	63	3702.14
1	64	3846.13
1	65	3970.0
1	66	4434.13
1	67	8178.23
1	68	9951.21
1	69	10453.5
1	70	8782.51
1	71	5469.06
1	72	5100.0
1	73	5537.62
1	74	5438.6
1	75	5447.14
1	76	5554.79
1	77	8055.13
1	78	8528.53
1	79	9480.21
1	80	9999.81
1	81	10772.24
1	82	9159.59
1	83	6056.09
1	84	5725.0
1	85	6212.58
1	86	5895.0
1	87	6217.05
1	88	7632.73
1	89	9266.8
1	90	10863.55
1	91	10454.29
1	92	9958.43
1	93	9057.14
1	94	8612.85
1	95	6336.54
1	96	6242.38
1	97	6234.93
1	98	6321.49
1	99	6520.0
1	100	6812.56
1	101	9676.41
1	102	11214.99
1	103	11907.48
1	104	10471.15
1	105	7900.83
1	106	7650.0
1	107	8047.28
1	108	7979.46
1	109	7985.29
1	110	8059.11
1	111	9948.8
1	112	10335.82
1	113	11134.08
1	114	11579.71
1	115	12318.33
1	116	10936.09
1	117	8507.42
1	118	8275.0
1	119	8644.63
1	120	8445.0
1	121	8672.87
1	122	9715.56
1	123	11065.28
1	124	12433.17
1	125	12143.55
1	126	11719.38
1	127	10963.82
1	128	10599.75
1	129	8850.15
1	130	8782.98
1	131	8777.69
1	132	8839.38
1	133	12865.87
1	134	11549.35
1	135	9282.54
1	136	9070.0
2	1	1975.0
2	3	5175.0
2	4	7150.0
2	5	3172.18
2	6	2550.91
2	7	1375.39
2	8	779.31
2	9	4005.02
2	10	4628.39
2	11	5818.26
2	12	6442.46
2	13	7177.26
2	14	5212.6
2	15	3058.55
2	16	625.0
2	17	2071.53
2	18	4234.94
2	19	2129.0
2	20	795.0
2	21	5235.71
2	22	7194.06
2	23	6530.03
2	24	5915.08
2	25	4749.53
2	26	4144.41
2	27	1320.35
2	28	1740.03
2	29	2764.62
2	30	3346.45
2	31	2432.49
2	32	1420.0
2	33	5366.29
2	34	7289.64
2	35	7591.11
2	36	5769.15
2	37	2550.0
2	38	3225.39
2	39	4259.84
2	40	3819.77
2	41	3158.35
2	42	2948.02
2	43	4911.58
2	44	5431.9
2	45	6475.78
2	46	7041.93
2	47	7823.24
2	48	6071.35
2	49	4413.41
2	50	3175.0
2	51	3739.15
2	52	5297.0
2	53	3884.54
2	54	3345.0
2	55	6161.95
2	56	7893.76
2	57	7403.03
2	58	6866.71
2	59	5892.5
2	60	5416.61
2	61	3729.19
2	62	3897.59
2	63	4450.46
2	64	4833.45
2	65	4434.13
2	66	3970.0
2	67	6522.39
2	68	8178.23
2	69	8782.51
2	70	7265.72
2	71	5100.0
2	72	5469.06
2	73	6263.76
2	74	5973.2
2	75	5573.48
2	76	5457.04
2	77	6724.0
2	78	7112.95
2	79	7938.78
2	80	8406.98
2	81	9159.59
2	82	7717.27
2	83	5725.0
2	84	6056.09
2	85	7154.49
2	86	6217.05
2	87	5895.0
2	88	6527.38
2	89	7844.21
2	90	9266.8
2	91	8942.78
2	92	8504.13
2	93	7738.86
2	94	7382.96
2	95	6251.03
2	96	6352.93
2	97	6706.35
2	98	6966.4
2	99	6812.56
2	100	6520.0
2	101	8324.12
2	102	9676.41
2	103	10471.15
2	104	9235.97
2	105	7650.0
2	106	7900.83
2	107	8563.19
2	108	8353.0
2	109	8072.0
2	110	7992.05
2	111	8905.37
2	112	9202.58
2	113	9854.83
2	114	10235.76
2	115	10936.09
2	116	9759.93
2	117	8275.0
2	118	8507.42
2	119	9344.53
2	120	8672.87
2	121	8445.0
2	122	8873.57
2	123	9904.48
2	124	11065.28
2	125	10869.54
2	126	10511.6
2	127	9902.7
2	128	9627.13
2	129	8789.13
2	130	8861.9
2	131	9118.59
2	132	9311.51
2	133	11549.35
2	134	10442.49
2	135	9070.0
2	136	9282.54
3	1	7150.0
3	2	5175.0
3	4	1975.0
3	5	8337.76
3	6	7713.23
3	7	6522.37
3	8	5898.15
3	9	1221.98
3	10	637.46
3	11	706.63
3	12	1297.57
3	13	2071.53
3	14	625.0
3	15	2311.73
3	16	5212.6
3	17	7177.26
3	18	9376.92
3	19	7194.06
3	20	5235.71
3	21	795.0
3	22	2129.0
3	23	1679.2
3	24	1278.8
3	25	1241.91
3	26	1621.49
3	27	5993.68
3	28	6608.88
3	29	7786.52
3	30	8405.61
3	31	7289.64
3	32	5366.29
3	33	1420.0
3	34	2432.49
3	35	3225.39
3	36	2550.0
3	37	5769.15
3	38	7591.11
3	39	8809.19
3	40	8220.55
3	41	7115.11
3	42	6547.65
3	43	3094.63
3	44	2913.73
3	45	2929.65
3	46	3125.25
3	47	3739.15
3	48	3175.0
3	49	3932.89
3	50	6071.35
3	51	7823.24
3	52	9902.03
3	53	7893.76
3	54	6161.95
3	55	3345.0
3	56	3884.54
3	57	3870.81
3	58	3714.68
3	59	3702.14
3	60	3846.13
3	61	6934.53
3	62	7472.67
3	63	8531.91
3	64	9100.43
3	65	8178.23
3	66	6522.39
3	67	3970.0
3	68	4434.13
3	69	5469.06
3	70	5100.0
3	71	7265.72
3	72	8782.51
3	73	9934.3
3	74	9416.26
3	75	8468.37
3	76	7997.51
3	77	5537.62
3	78	5438.6
3	79	5447.14
3	80	5554.79
3	81	6056.09
3	82	5725.0
3	83	7717.27
3	84	9159.59
3	85	11008.12
3	86	9266.8
3	87	7844.21
3	88	6212.58
3	89	5895.0
3	90	6217.05
3	91	6336.54
3	92	6242.38
3	93	6234.93
3	94	6321.49
3	95	8558.98
3	96	9000.52
3	97	9897.57
3	98	10391.65
3	99	9676.41
3	100	8324.12
3	101	6520.0
3	102	6812.56
3	103	7900.83
3	104	7650.0
3	105	9235.97
3	106	10471.15
3	107	11523.19
3	108	11079.69
3	109	10286.24
3	110	9902.21
3	111	8047.28
3	112	7979.46
3	113	7985.29
3	114	8059.11
3	115	8507.42
3	116	8275.0
3	117	9759.93
3	118	10936.09
3	119	12542.41
3	120	11065.28
3	121	9904.48
3	122	8644.63
3	123	8445.0
3	124	8672.87
3	125	8850.15
3	126	8782.98
3	127	8777.69
3	128	8839.38
3	129	10556.03
3	130	10917.09
3	131	11667.71
3	132	12089.66
3	133	9282.54
3	134	9070.0
3	135	10442.49
3	136	11549.35
4	1	9125.0
4	2	7150.0
4	3	1975.0
4	5	10311.66
4	6	9686.96
4	7	8495.66
4	8	7871.11
4	9	3172.18
4	10	2550.91
4	11	1375.39
4	12	779.31
4	13	625.0
4	14	2071.53
4	15	4234.94
4	16	7177.26
4	17	9146.38
4	18	11347.23
4	19	9159.57
4	20	7194.06
4	21	2129.0
4	22	795.0
4	23	1320.35
4	24	1740.03
4	25	2764.62
4	26	3346.45
4	27	7942.94
4	28	8562.25
4	29	9745.42
4	30	10366.6
4	31	9234.83
4	32	7289.64
4	33	2432.49
4	34	1420.0
4	35	2550.0
4	36	3225.39
4	37	7591.11
4	38	9474.6
4	39	10696.44
4	40	10095.58
4	41	8958.78
4	42	8368.86
4	43	4259.84
4	44	3819.77
4	45	3158.35
4	46	2948.02
4	47	3175.0
4	48	3739.15
4	49	5297.0
4	50	7823.24
4	51	9661.59
4	52	11784.87
4	53	9718.78
4	54	7893.76
4	55	3884.54
4	56	3345.0
4	57	3729.19
4	58	3897.59
4	59	4450.46
4	60	4833.45
4	61	8674.9
4	62	9245.31
4	63	10350.69
4	64	10937.54
4	65	9951.21
4	66	8178.23
4	67	4434.13
4	68	3970.0
4	69	5100.0
4	70	5469.06
4	71	8782.51
4	72	10453.5
4	73	11640.55
4	74	11090.95
4	75	10067.18
4	76	9546.01
4	77	6263.76
4	78	5973.2
4	79	5573.48
4	80	5457.04
4	81	5725.0
4	82	6056.09
4	83	9159.59
4	84	10772.24
4	85	12728.38
4	86	10863.55
4	87	9266.8
4	88	7154.49
4	89	6217.05
4	90	5895.0
4	91	6251.03
4	92	6352.93
4	93	6706.35
4	94	6966.4
4	95	10021.09
4	96	10518.75
4	97	11502.4
4	98	12033.22
4	99	11214.99
4	100	9676.41
4	101	6812.56
4	102	6520.0
4	103	7650.0
4	104	7900.83
4	105	10471.15
4	106	11907.48
4	107	13022.9
4	108	12534.06
4	109	11637.94
4	110	11190.17
4	111	8563.19
4	112	8353.0
4	113	8072.0
4	114	7992.05
4	115	8275.0
4	116	8507.42
4	117	10936.09
4	118	12318.33
4	119	14076.41
4	120	12433.17
4	121	11065.28
4	122	9344.53
4	123	8672.87
4	124	8445.0
4	125	8789.13
4	126	8861.9
4	127	9118.59
4	128	9311.51
4	129	11772.67
4	130	12199.09
4	131	13056.75
4	132	13526.71
4	133	9070.0
4	134	9282.54
4	135	11549.35
4	136	12865.87
5	1	1221.98
5	2	3172.18
5	3	8337.76
5	4	10311.66
5	6	625.0
5	7	1817.0
5	8	2442.0
5	9	7150.0
5	10	7775.0
5	11	8967.0
5	12	9592.0
5	13	10311.81
5	14	8337.95
5	15	6145.03
5	16	3172.68
5	17	1223.25
5	18	1093.77
5	19	1277.63
5	20	3194.04
5	21	8346.1
5	22	10318.4
5	23	9625.3
5	24	9002.62
5	25	7816.05
5	26	7194.62
5	27	2569.7
5	28	1985.32
5	29	1015.2
5	30	800.0
5	31	1621.49
5	32	3346.45
5	33	8405.61
5	34	10366.6
5	35	10547.6
5	36	8627.85
5	37	3870.95
5	38	2532.73
5	39	2550.0
5	40	2625.48
5	41	3131.13
5	42	3530.7
5	43	7591.11
5	44	8182.49
5	45	9322.53
5	46	9925.17
5	47	10697.78
5	48	8810.81
5	49	6804.7
5	50	4263.2
5	51	3099.25
5	52	3120.71
5	53	3257.05
5	54	4379.25
5	55	8867.55
5	56	10744.56
5	57	10160.17
5	58	9572.33
5	59	8466.0
5	60	7895.89
5	61	4145.58
5	62	3811.04
5	63	3407.8
5	64	3350.0
5	65	3846.13
5	66	4833.45
5	67	9100.43
5	68	10937.54
5	69	11365.67
5	70	9610.74
5	71	5736.79
5	72	4933.68
5	73	5100.0
5	74	5138.15
5	75	5414.01
5	76	5654.5
5	77	8782.51
5	78	9298.42
5	79	10315.87
5	80	10863.54
5	81	11642.87
5	82	9937.02
5	83	6268.08
5	84	5542.5
5	85	5593.42
5	86	5708.71
5	87	6415.52
5	88	8237.2
5	89	10030.68
5	90	11722.9
5	91	11261.28
5	92	10733.92
5	93	9760.15
5	94	9269.98
5	95	6385.4
5	96	6173.45
5	97	5933.01
5	98	5900.0
5	99	6321.49
5	100	6966.4
5	101	10391.65
5	102	12033.22
5	103	12653.45
5	104	11103.96
5	105	7990.13
5	106	7434.56
5	107	7650.0
5	108	7675.49
5	109	7862.82
5	110	8030.31
5	111	10471.15
5	112	10907.48
5	113	11786.84
5	114	12269.02
5	115	13025.95
5	116	11526.64
5	117	8567.84
5	118	8052.23
5	119	8114.11
5	120	8220.42
5	121	8726.1
5	122	10119.48
5	123	11644.76
5	124	13130.59
5	125	12783.15
5	126	12321.1
5	127	11482.73
5	128	11069.1
5	129	8795.79
5	130	8643.15
5	131	8473.08
5	132	8450.0
5	133	13526.71
5	134	12089.66
5	135	9311.51
5	136	8839.38
6	1	637.46
6	2	2550.91
6	3	7713.23
6	4	9686.96
6	5	625.0
6	7	1192.0
6	8	1817.0
6	9	6525.0
6	10	7150.0
6	11	8342.0
6	12	8967.0
6	13	9687.12
6	14	7713.43
6	15	5521.51
6	16	2551.52
6	17	639.9
6	18	1690.99
6	19	738.56
6	20	2578.03
6	21	7722.25
6	22	9694.14
6	23	9002.62
6	24	8380.27
6	25	7194.62
6	26	6573.86
6	27	1985.32
6	28	1435.57
6	29	800.0
6	30	1015.2
6	31	1241.91
6	32	2764.62
6	33	7786.52
6	34	9745.42
6	35	9937.74
6	36	8025.92
6	37	3380.62
6	38	2308.21
6	39	2625.48
6	40	2550.0
6	41	2814.85
6	42	3131.13
6	43	7005.58
6	44	7591.11
6	45	8723.04
6	46	9322.53
6	47	10097.0
6	48	8222.29
6	49	6247.36
6	50	3823.51
6	51	2918.64
6	52	3376.68
6	53	3085.69
6	54	3952.5
6	55	8283.06
6	56	10146.54
6	57	9572.33
6	58	8989.52
6	59	7895.89
6	60	7334.72
6	61	3811.04
6	62	3555.75
6	63	3350.0
6	64	3407.8
6	65	3702.14
6	66	4450.46
6	67	8531.91
6	68	10350.69
6	69	10802.09
6	70	9074.25
6	71	5418.04
6	72	4822.28
6	73	5138.15
6	74	5100.0
6	75	5237.45
6	76	5414.01
6	77	8281.64
6	78	8782.51
6	79	9777.47
6	80	10315.87
6	81	11093.39
6	82	9419.13
6	83	5977.73
6	84	5443.57
6	85	5740.16
6	86	5612.71
6	87	6132.15
6	88	7783.13
6	89	9517.88
6	90	11177.36
6	91	10733.92
6	92	10217.58
6	93	9269.98
6	94	8796.91
6	95	6173.45
6	96	6019.21
6	97	5900.0
6	98	5933.01
6	99	6234.93
6	100	6706.35
6	101	9897.57
6	102	11502.4
6	103	12149.76
6	104	10643.0
6	105	7764.45
6	106	7361.1
6	107	7675.49
6	108	7650.0
6	109	7742.31
6	110	7862.82
6	111	10054.76
6	112	10471.15
6	113	11318.63
6	114	11786.84
6	115	12537.24
6	116	11083.28
6	117	8357.77
6	118	7984.45
6	119	8215.96
6	120	8154.05
6	121	8519.93
6	122	9753.44
6	123	11206.07
6	124	12645.92
6	125	12321.1
6	126	11873.98
6	127	11069.1
6	128	10676.05
6	129	8643.15
6	130	8533.66
6	131	8450.0
6	132	8473.08
6	133	13056.75
6	134	11667.71
6	135	9118.59
6	136	8777.69
7	1	706.63
7	2	1375.39
7	3	6522.37
7	4	8495.66
7	5	1817.0
7	6	1192.0
7	8	625.0
7	9	5333.0
7	10	5958.0
7	11	7150.0
7	12	7775.0
7	13	8495.84
7	14	6522.61
7	15	4333.5
7	16	1376.53
7	17	708.84
7	18	2863.08
7	19	799.03
7	20	1425.07
7	21	6533.03
7	22	8503.84
7	23	7816.05
7	24	7194.62
7	25	6011.47
7	26	5392.67
7	27	1015.2
7	28	800.0
7	29	1435.57
7	30	1985.32
7	31	1278.8
7	32	1740.03
7	33	6608.88
7	34	8562.25
7	35	8780.53
7	36	6889.33
7	37	2610.21
7	38	2328.27
7	39	3131.13
7	40	2814.85
7	41	2550.0
7	42	2625.48
7	43	5911.29
7	44	6480.76
7	45	7591.11
7	46	8182.49
7	47	8960.38
7	48	7117.12
7	49	5227.02
7	50	3162.88
7	51	2934.53
7	52	4091.42
7	53	3100.72
7	54	3317.65
7	55	7187.24
7	56	9016.17
7	57	8466.0
7	58	7895.89
7	59	6835.22
7	60	6297.89
7	61	3407.8
7	62	3350.0
7	63	3555.75
7	64	3811.04
7	65	3714.68
7	66	3897.59
7	67	7472.67
7	68	9245.31
7	69	9748.04
7	70	8086.37
7	71	4973.9
7	72	4831.91
7	73	5414.01
7	74	5237.45
7	75	5100.0
7	76	5138.15
7	77	7379.08
7	78	7842.69
7	79	8782.51
7	80	9298.42
7	81	10069.87
7	82	8471.57
7	83	5578.34
7	84	5452.11
7	85	6187.67
7	86	5620.98
7	87	5743.5
7	88	6990.65
7	89	8581.23
7	90	10162.3
7	91	9760.15
7	92	9269.98
7	93	8384.97
7	94	7953.04
7	95	5933.01
7	96	5900.0
7	97	6019.21
7	98	6173.45
7	99	6242.38
7	100	6352.93
7	101	9000.52
7	102	10518.75
7	103	11223.0
7	104	9814.32
7	105	7461.31
7	106	7367.42
7	107	7862.82
7	108	7742.31
7	109	7650.0
7	110	7675.49
7	111	9325.42
7	112	9696.4
7	113	10471.15
7	114	10907.48
7	115	11641.36
7	116	10290.11
7	117	8076.93
7	118	7990.27
7	119	8534.62
7	120	8159.75
7	121	8244.62
7	122	9133.55
7	123	10422.26
7	124	11758.33
7	125	11482.73
7	126	11069.1
7	127	10339.26
7	128	9992.17
7	129	8473.08
7	130	8450.0
7	131	8533.66
7	132	8643.15
7	133	12199.09
7	134	10917.09
7	135	8861.9
7	136	8782.98
8	1	1297.57
8	2	779.31
8	3	5898.15
8	4	7871.11
8	5	2442.0
8	6	1817.0
8	7	625.0
8	9	4708.0
8	10	5333.0
8	11	6525.0
8	12	7150.0
8	13	7871.31
8	14	5898.42
8	15	3711.62
8	16	781.31
8	17	1298.78
8	18	3483.04
8	19	1350.12
8	20	863.97
8	21	5909.93
8	22	7879.94
8	23	7194.62
8	24	6573.86
8	25	5392.67
8	26	4775.49
8	27	800.0
8	28	1015.2
8	29	1985.32
8	30	2569.7
8	31	1679.2
8	32	1320.35
8	33	5993.68
8	34	7942.94
8	35	8177.76
8	36	6301.56
8	37	2351.35
8	38	2570.06
8	39	3530.7
8	40	3131.13
8	41	2625.48
8	42	2550.0
8	43	5354.23
8	44	5911.29
8	45	7005.58
8	46	7591.11
8	47	8370.57
8	48	6549.83
8	49	4724.26
8	50	2952.87
8	51	3129.83
8	52	4546.88
8	53	3286.16
8	54	3118.08
8	55	6625.96
8	56	8430.27
8	57	7895.89
8	58	7334.72
8	59	6297.89
8	60	5778.21
8	61	3350.0
8	62	3407.8
8	63	3811.04
8	64	4145.58
8	65	3870.81
8	66	3729.19
8	67	6934.53
8	68	8674.9
8	69	9208.82
8	70	7591.85
8	71	4843.07
8	72	4952.95
8	73	5654.5
8	74	5414.01
8	75	5138.15
8	76	5100.0
8	77	6940.84
8	78	7379.08
8	79	8281.64
8	80	8782.51
8	81	9548.85
8	82	8000.9
8	83	5462.0
8	84	5559.66
8	85	6497.82
8	86	5725.37
8	87	5630.58
8	88	6623.15
8	89	8116.92
8	90	9646.27
8	91	9269.98
8	92	8796.91
8	93	7953.04
8	94	7548.2
8	95	5900.0
8	96	5933.01
8	97	6173.45
8	98	6385.4
8	99	6336.54
8	100	6251.03
8	101	8558.98
8	102	10021.09
8	103	10757.97
8	104	9411.04
8	105	7374.74
8	106	7447.36
8	107	8030.31
8	108	7862.82
8	109	7675.49
8	110	7650.0
8	111	8982.64
8	112	9325.42
8	113	10054.76
8	114	10471.15
8	115	11193.72
8	116	9906.23
8	117	7997.03
8	118	8064.05
8	119	8762.08
8	120	8232.0
8	121	8166.36
8	122	8855.43
8	123	10043.42
8	124	11315.32
8	125	11069.1
8	126	10676.05
8	127	9992.17
8	128	9673.04
8	129	8450.0
8	130	8473.08
8	131	8643.15
8	132	8795.79
8	133	11772.67
8	134	10556.03
8	135	8789.13
8	136	8850.15
9	1	5976.05
9	2	4005.02
9	3	1221.98
9	4	3172.18
9	5	7150.0
9	6	6525.0
9	7	5333.0
9	8	4708.0
9	10	625.0
9	11	1817.0
9	12	2442.0
9	13	3172.68
9	14	1223.25
9	15	1093.77
9	16	4005.41
9	17	5976.31
9	18	8177.79
9	19	5987.67
9	20	4022.35
9	21	1277.63
9	22	3194.04
9	23	2569.7
9	24	1985.32
9	25	1015.2
9	26	800.0
9	27	4775.49
9	28	5392.67
9	29	6573.86
9	30	7194.62
9	31	6070.35
9	32	4144.41
9	33	1621.49
9	34	3346.45
9	35	3870.95
9	36	2532.73
9	37	4578.39
9	38	6374.53
9	39	7591.11
9	40	7005.58
9	41	5911.29
9	42	5354.23
9	43	2550.0
9	44	2625.48
9	45	3131.13
9	46	3530.7
9	47	4263.2
9	48	3099.25
9	49	3120.71
9	50	4914.5
9	51	6620.06
9	52	8684.4
9	53	6695.39
9	54	5015.5
9	55	3257.05
9	56	4379.25
9	57	4145.58
9	58	3811.04
9	59	3407.8
9	60	3350.0
9	61	5778.21
9	62	6297.89
9	63	7334.72
9	64	7895.89
9	65	7000.9
9	66	5416.61
9	67	3846.13
9	68	4833.45
9	69	5736.79
9	70	4933.68
9	71	6236.04
9	72	7652.52
9	73	8782.51
9	74	8281.64
9	75	7379.08
9	76	6940.84
9	77	5100.0
9	78	5138.15
9	79	5414.01
9	80	5654.5
9	81	6268.08
9	82	5542.5
9	83	6728.02
9	84	8058.49
9	85	9847.14
9	86	8173.69
9	87	6865.59
9	88	5593.42
9	89	5708.71
9	90	6415.52
9	91	6385.4
9	92	6173.45
9	93	5933.01
9	94	5900.0
9	95	7548.2
9	96	7953.04
9	97	8796.91
9	98	9269.98
9	99	8612.85
9	100	7382.96
9	101	6321.49
9	102	6966.4
9	103	7990.13
9	104	7434.56
9	105	8355.82
9	106	9460.05
9	107	10471.15
9	108	10054.76
9	109	9325.42
9	110	8982.64
9	111	7650.0
9	112	7675.49
9	113	7862.82
9	114	8030.31
9	115	8567.84
9	116	8052.23
9	117	8909.84
9	118	9952.8
9	119	11468.16
9	120	10089.36
9	121	9062.13
9	122	8114.11
9	123	8220.42
9	124	8726.1
9	125	8795.79
9	126	8643.15
9	127	8473.08
9	128	8450.0
9	129	9673.04
9	130	9992.17
9	131	10676.05
9	132	11069.1
9	133	9311.51
9	134	8839.38
9	135	9627.13
9	136	10599.75
10	1	6600.28
10	2	4628.39
10	3	637.46
10	4	2550.91
10	5	7775.0
10	6	7150.0
10	7	5958.0
10	8	5333.0
10	9	625.0
10	11	1192.0
10	12	1817.0
10	13	2551.52
10	14	639.9
10	15	1690.99
10	16	4628.73
10	17	6600.52
10	18	8802.09
10	19	6610.81
10	20	4643.4
10	21	738.56
10	22	2578.03
10	23	1985.32
10	24	1435.57
10	25	800.0
10	26	1015.2
10	27	5392.67
10	28	6011.47
10	29	7194.62
10	30	7816.05
10	31	6685.79
10	32	4749.53
10	33	1241.91
10	34	2764.62
10	35	3380.62
10	36	2308.21
10	37	5132.59
10	38	6963.13
10	39	8182.49
10	40	7591.11
10	41	6480.76
10	42	5911.29
10	43	2625.48
10	44	2550.0
10	45	2814.85
10	46	3131.13
10	47	3823.51
10	48	2918.64
10	49	3376.68
10	50	5434.53
10	51	7188.59
10	52	9274.66
10	53	7258.02
10	54	5526.04
10	55	3085.69
10	56	3952.5
10	57	3811.04
10	58	3555.75
10	59	3350.0
10	60	3407.8
10	61	6297.89
10	62	6835.22
10	63	7895.89
10	64	8466.0
10	65	7540.77
10	66	5892.5
10	67	3702.14
10	68	4450.46
10	69	5418.04
10	70	4822.28
10	71	6653.57
10	72	8149.34
10	73	9298.42
10	74	8782.51
10	75	7842.69
10	76	7379.08
10	77	5138.15
10	78	5100.0
10	79	5237.45
10	80	5414.01
10	81	5977.73
10	82	5443.57
10	83	7116.75
10	84	8531.7
10	85	10371.44
10	86	8640.59
10	87	7246.94
10	88	5740.16
10	89	5612.71
10	90	6132.15
10	91	6173.45
10	92	6019.21
10	93	5900.0
10	94	5933.01
10	95	7953.04
10	96	8384.97
10	97	9269.98
10	98	9760.15
10	99	9057.14
10	100	7738.86
10	101	6234.93
10	102	6706.35
10	103	7764.45
10	104	7361.1
10	105	8671.88
10	106	9866.27
10	107	10907.48
10	108	10471.15
10	109	9696.4
10	110	9325.42
10	111	7675.49
10	112	7650.0
10	113	7742.31
10	114	7862.82
10	115	8357.77
10	116	7984.45
10	117	9206.91
10	118	10339.67
10	119	11921.38
10	120	10471.19
10	121	9354.37
10	122	8215.96
10	123	8154.05
10	124	8519.93
10	125	8643.15
10	126	8533.66
10	127	8450.0
10	128	8473.08
10	129	9992.17
10	130	10339.26
10	131	11069.1
10	132	11482.73
10	133	9118.59
10	134	8777.69
10	135	9902.7
10	136	10963.82
11	1	7791.17
11	2	5818.26
11	3	706.63
11	4	1375.39
11	5	8967.0
11	6	8342.0
11	7	7150.0
11	8	6525.0
11	9	1817.0
11	10	1192.0
11	12	625.0
11	13	1376.53
11	14	708.84
11	15	2863.08
11	16	5818.53
11	17	7791.37
11	18	9993.01
11	19	7800.09
11	20	5830.21
11	21	799.03
11	22	1425.07
11	23	1015.2
11	24	800.0
11	25	1435.57
11	26	1985.32
11	27	6573.86
11	28	7194.62
11	29	8380.27
11	30	9002.62
11	31	7863.73
11	32	5915.08
11	33	1278.8
11	34	1740.03
11	35	2610.21
11	36	2328.27
11	37	6226.85
11	38	8100.85
11	39	9322.53
11	40	8723.04
11	41	7591.11
11	42	7005.58
11	43	3131.13
11	44	2814.85
11	45	2550.0
11	46	2625.48
11	47	3162.88
11	48	2934.53
11	49	4091.42
11	50	6477.99
11	51	8295.45
11	52	10411.66
11	53	8355.68
11	54	6554.95
11	55	3100.72
11	56	3317.65
11	57	3407.8
11	58	3350.0
11	59	3555.75
11	60	3811.04
11	61	7334.72
11	62	7895.89
11	63	8989.52
11	64	9572.33
11	65	8602.43
11	66	6866.71
11	67	3714.68
11	68	3897.59
11	69	4973.9
11	70	4831.91
11	71	7529.95
11	72	9140.59
11	73	10315.87
11	74	9777.47
11	75	8782.51
11	76	8281.64
11	77	5414.01
11	78	5237.45
11	79	5100.0
11	80	5138.15
11	81	5578.34
11	82	5452.11
11	83	7942.19
11	84	9483.06
11	85	11399.57
11	86	9581.15
11	87	8059.05
11	88	6187.67
11	89	5620.98
11	90	5743.5
11	91	5933.01
11	92	5900.0
11	93	6019.21
11	94	6173.45
11	95	8796.91
11	96	9269.98
11	97	10217.58
11	98	10733.92
11	99	9958.43
11	100	8504.13
11	101	6242.38
11	102	6352.93
11	103	7461.31
11	104	7367.42
11	105	9361.18
11	106	10699.62
11	107	11786.84
11	108	11318.63
11	109	10471.15
11	110	10054.76
11	111	7862.82
11	112	7742.31
11	113	7650.0
11	114	7675.49
11	115	8076.93
11	116	7990.27
11	117	9858.87
11	118	11137.66
11	119	12825.86
11	120	11259.86
11	121	9996.72
11	122	8534.62
11	123	8159.75
11	124	8244.62
11	125	8473.08
11	126	8450.0
11	127	8533.66
11	128	8643.15
11	129	10676.05
11	130	11069.1
11	131	11873.98
11	132	12321.1
11	133	8861.9
11	134	8782.98
11	135	10511.6
11	136	11719.38
12	1	8415.71
12	2	6442.46
12	3	1297.57
12	4	779.31
12	5	9592.0
12	6	8967.0
12	7	7775.0
12	8	7150.0
12	9	2442.0
12	10	1817.0
12	11	625.0
12	13	781.31
12	14	1298.78
12	15	3483.04
12	16	6442.71
12	17	8415.9
12	18	10617.54
12	19	8423.97
12	20	6453.25
12	21	1350.12
12	22	863.97
12	23	800.0
12	24	1015.2
12	25	1985.32
12	26	2569.7
12	27	7194.62
12	28	7816.05
12	29	9002.62
12	30	9625.3
12	31	8482.94
12	32	6530.03
12	33	1679.2
12	34	1320.35
12	35	2351.35
12	36	2570.06
12	37	6813.72
12	38	8703.2
12	39	9925.17
12	40	9322.53
12	41	8182.49
12	42	7591.11
12	43	3530.7
12	44	3131.13
12	45	2625.48
12	46	2550.0
12	47	2952.87
12	48	3129.83
12	49	4546.88
12	50	7043.97
12	51	8884.61
12	52	11012.47
12	53	8940.88
12	54	7114.8
12	55	3286.16
12	56	3118.08
12	57	3350.0
12	58	3407.8
12	59	3811.04
12	60	4145.58
12	61	7895.89
12	62	8466.0
12	63	9572.33
12	64	10160.17
12	65	9171.9
12	66	7403.03
12	67	3870.81
12	68	3729.19
12	69	4843.07
12	70	4952.95
12	71	8022.05
12	72	9678.44
12	73	10863.54
12	74	10315.87
12	75	9298.42
12	76	8782.51
12	77	5654.5
12	78	5414.01
12	79	5138.15
12	80	5100.0
12	81	5462.0
12	82	5559.66
12	83	8410.2
12	84	10002.52
12	85	11950.82
12	86	10095.56
12	87	8520.65
12	88	6497.82
12	89	5725.37
12	90	5630.58
12	91	5900.0
12	92	5933.01
12	93	6173.45
12	94	6385.4
12	95	9269.98
12	96	9760.15
12	97	10733.92
12	98	11261.28
12	99	10454.29
12	100	8942.78
12	101	6336.54
12	102	6251.03
12	103	7374.74
12	104	7447.36
12	105	9761.39
12	106	11162.6
12	107	12269.02
12	108	11786.84
12	109	10907.48
12	110	10471.15
12	111	8030.31
12	112	7862.82
12	113	7675.49
12	114	7650.0
12	115	7997.03
12	116	8064.05
12	117	10239.65
12	118	11583.15
12	119	13318.21
12	120	11700.7
12	121	10372.44
12	122	8762.08
12	123	8232.0
12	124	8166.36
12	125	8450.0
12	126	8473.08
12	127	8643.15
12	128	8795.79
12	129	11069.1
12	130	11482.73
12	131	12321.1
12	132	12783.15
12	133	8789.13
12	134	8850.15
12	135	10869.54
12	136	12143.55
13	1	9146.38
13	2	7177.26
13	3	2071.53
13	4	625.0
13	5	10311.81
13	6	9687.12
13	7	8495.84
13	8	7871.31
13	9	3172.68
13	10	2551.52
13	11	1376.53
13	12	781.31
13	14	1975.0
13	15	4175.87
13	16	7150.0
13	17	9125.0
13	18	11325.32
13	19	9126.58
13	20	7152.02
13	21	1982.3
13	22	170.0
13	23	863.97
13	24	1425.07
13	25	2578.03
13	26	3194.04
13	27	7879.94
13	28	8503.84
13	29	9694.14
13	30	10318.4
13	31	9159.57
13	32	7194.06
13	33	2129.0
13	34	795.0
13	35	1925.0
13	36	2757.94
13	37	7404.6
13	38	9325.84
13	39	10546.54
13	40	9936.62
13	41	8779.26
13	42	8176.4
13	43	3868.06
13	44	3377.31
13	45	2605.92
13	46	2346.58
13	47	2550.0
13	48	3225.39
13	49	4936.99
13	50	7591.11
13	51	9474.6
13	52	11627.5
13	53	9521.77
13	54	7649.9
13	55	3361.4
13	56	2720.0
13	57	3118.08
13	58	3317.65
13	59	3952.5
13	60	4379.25
13	61	8430.27
13	62	9016.17
13	63	10146.54
13	64	10744.56
13	65	9718.78
13	66	7893.76
13	67	3884.54
13	68	3345.0
13	69	4475.0
13	70	4891.45
13	71	8434.93
13	72	10163.23
13	73	11363.56
13	74	10799.88
13	75	9745.58
13	76	9206.22
13	77	5732.61
13	78	5413.62
13	79	4969.09
13	80	4838.12
13	81	5100.0
13	82	5469.06
13	83	8782.51
13	84	10453.5
13	85	12455.51
13	86	10537.48
13	87	8882.31
13	88	6656.94
13	89	5627.92
13	90	5270.0
13	91	5630.58
13	92	5743.5
13	93	6132.15
13	94	6415.52
13	95	9646.27
13	96	10162.3
13	97	11177.36
13	98	11722.9
13	99	10863.55
13	100	9266.8
13	101	6217.05
13	102	5895.0
13	103	7025.0
13	104	7297.35
13	105	10023.63
13	106	11515.91
13	107	12650.55
13	108	12146.74
13	109	11219.73
13	110	10754.55
13	111	7985.54
13	112	7759.72
13	113	7456.39
13	114	7369.77
13	115	7650.0
13	116	7900.83
13	117	10471.15
13	118	11907.48
13	119	13714.44
13	120	12017.41
13	121	10595.99
13	122	8789.82
13	123	8065.55
13	124	7820.0
13	125	8166.36
13	126	8244.62
13	127	8519.93
13	128	8726.1
13	129	11315.32
13	130	11758.33
13	131	12645.92
13	132	13130.59
13	133	8445.0
13	134	8672.87
13	135	11065.28
13	136	12433.17
14	1	7177.26
14	2	5212.6
14	3	625.0
14	4	2071.53
14	5	8337.95
14	6	7713.43
14	7	6522.61
14	8	5898.42
14	9	1223.25
14	10	639.9
14	11	708.84
14	12	1298.78
14	13	1975.0
14	15	2201.64
14	16	5175.0
14	17	7150.0
14	18	9350.39
14	19	7152.02
14	20	5177.79
14	21	170.0
14	22	1982.3
14	23	1350.12
14	24	799.03
14	25	738.56
14	26	1277.63
14	27	5909.93
14	28	6533.03
14	29	7722.25
14	30	8346.1
14	31	7194.06
14	32	5235.71
14	33	795.0
14	34	2129.0
14	35	2757.94
14	36	1925.0
14	37	5521.44
14	38	7404.6
14	39	8626.55
14	40	8024.53
14	41	6887.7
14	42	6299.79
14	43	2528.31
14	44	2303.36
14	45	2323.46
14	46	2565.7
14	47	3225.39
14	48	2550.0
14	49	3432.67
14	50	5769.15
14	51	7591.11
14	52	9714.2
14	53	7649.9
14	54	5846.28
14	55	2720.0
14	56	3361.4
14	57	3286.16
14	58	3100.72
14	59	3085.69
14	60	3257.05
14	61	6625.96
14	62	7187.24
14	63	8283.06
14	64	8867.55
14	65	7893.76
14	66	6161.95
14	67	3345.0
14	68	3884.54
14	69	4891.45
14	70	4475.0
14	71	6841.51
14	72	8434.93
14	73	9608.25
14	74	9071.61
14	75	8083.41
14	76	7588.7
14	77	4928.83
14	78	4817.31
14	79	4826.95
14	80	4948.11
14	81	5469.06
14	82	5100.0
14	83	7265.72
14	84	8782.51
14	85	10691.43
14	86	8882.31
14	87	7386.04
14	88	5632.43
14	89	5270.0
14	90	5627.92
14	91	5725.37
14	92	5620.98
14	93	5612.71
14	94	5708.71
14	95	8116.92
14	96	8581.23
14	97	9517.88
14	98	10030.68
14	99	9266.8
14	100	7844.21
14	101	5895.0
14	102	6217.05
14	103	7297.35
14	104	7025.0
14	105	8725.32
14	106	10023.63
14	107	11100.65
14	108	10639.55
14	109	9810.58
14	110	9407.14
14	111	7429.63
14	112	7356.12
14	113	7362.44
14	114	7442.43
14	115	7900.83
14	116	7650.0
14	117	9235.97
14	118	10471.15
14	119	12134.77
14	120	10595.99
14	121	9377.26
14	122	8041.78
14	123	7820.0
14	124	8065.55
14	125	8232.0
14	126	8159.75
14	127	8154.05
14	128	8220.42
14	129	10043.42
14	130	10422.26
14	131	11206.07
14	132	11644.76
14	133	8672.87
14	134	8445.0
14	135	9904.48
14	136	11065.28
15	1	5000.66
15	2	3058.55
15	3	2311.73
15	4	4234.94
15	5	6145.03
15	6	5521.51
15	7	4333.5
15	8	3711.62
15	9	1093.77
15	10	1690.99
15	11	2863.08
15	12	3483.04
15	13	4175.87
15	14	2201.64
15	16	2976.21
15	17	4950.73
15	18	7150.0
15	19	4950.73
15	20	2976.21
15	21	2201.64
15	22	4175.87
15	23	3483.04
15	24	2863.08
15	25	1690.99
15	26	1093.77
15	27	3711.62
15	28	4333.5
15	29	5521.51
15	30	6145.03
15	31	5000.66
15	32	3058.55
15	33	2311.73
15	34	4234.94
15	35	4562.48
15	36	2868.03
15	37	3498.03
15	38	5280.92
15	39	6497.99
15	40	5911.81
15	41	4820.97
15	42	4270.67
15	43	2378.83
15	44	2705.91
15	45	3558.05
15	46	4073.59
15	47	4848.39
15	48	3303.97
15	49	2550.0
15	50	3863.53
15	51	5529.8
15	52	7591.11
15	53	5607.65
15	54	3974.15
15	55	3432.67
15	56	4936.99
15	57	4546.88
15	58	4091.42
15	59	3376.68
15	60	3120.71
15	61	4724.26
15	62	5227.02
15	63	6247.36
15	64	6804.7
15	65	5927.07
15	66	4413.41
15	67	3932.89
15	68	5297.0
15	69	6058.28
15	70	4910.41
15	71	5303.09
15	72	6616.24
15	73	7726.02
15	74	7239.96
15	75	6380.38
15	76	5975.46
15	77	4808.98
15	78	4978.9
15	79	5488.83
15	80	5836.23
15	81	6525.4
15	82	5476.33
15	83	5831.02
15	84	7046.47
15	85	8782.51
15	86	7168.45
15	87	5977.86
15	88	5100.0
15	89	5632.43
15	90	6656.94
15	91	6497.82
15	92	6187.67
15	93	5740.16
15	94	5593.42
15	95	6623.15
15	96	6990.65
15	97	7783.13
15	98	8237.2
15	99	7632.73
15	100	6527.38
15	101	6212.58
15	102	7154.49
15	103	8099.03
15	104	7280.36
15	105	7550.78
15	106	8524.44
15	107	9495.47
15	108	9104.37
15	109	8436.93
15	110	8135.02
15	111	7321.12
15	112	7433.84
15	113	7784.58
15	114	8033.31
15	115	8640.59
15	116	7878.4
15	117	8128.95
15	118	9040.56
15	119	10471.15
15	120	9183.29
15	121	8287.39
15	122	7650.0
15	123	8041.78
15	124	8789.82
15	125	8762.08
15	126	8534.62
15	127	8215.96
15	128	8114.11
15	129	8855.43
15	130	9133.55
15	131	9753.44
15	132	10119.48
15	133	9344.53
15	134	8644.63
15	135	8873.57
15	136	9715.56
16	1	2071.53
16	2	625.0
16	3	5212.6
16	4	7177.26
16	5	3172.68
16	6	2551.52
16	7	1376.53
16	8	781.31
16	9	4005.41
16	10	4628.73
16	11	5818.53
16	12	6442.71
16	13	7150.0
16	14	5175.0
16	15	2976.21
16	17	1975.0
16	18	4175.87
16	19	1982.3
16	20	170.0
16	21	5177.79
16	22	7152.02
16	23	6453.25
16	24	5830.21
16	25	4643.4
16	26	4022.35
16	27	863.97
16	28	1425.07
16	29	2578.03
16	30	3194.04
16	31	2129.0
16	32	795.0
16	33	5235.71
16	34	7194.06
16	35	7404.6
16	36	5521.44
16	37	1925.0
16	38	2757.94
16	39	3868.06
16	40	3377.31
16	41	2605.92
16	42	2346.58
16	43	4575.95
16	44	5130.41
16	45	6225.06
16	46	6812.08
16	47	7591.11
16	48	5769.15
16	49	3974.15
16	50	2550.0
16	51	3225.39
16	52	4936.99
16	53	3361.4
16	54	2720.0
16	55	5846.28
16	56	7649.9
16	57	7114.8
16	58	6554.95
16	59	5526.04
16	60	5015.5
16	61	3118.08
16	62	3317.65
16	63	3952.5
16	64	4379.25
16	65	3884.54
16	66	3345.0
16	67	6161.95
16	68	7893.76
16	69	8434.93
16	70	6841.51
16	71	4475.0
16	72	4891.45
16	73	5732.61
16	74	5413.62
16	75	4969.09
16	76	4838.12
16	77	6232.2
16	78	6649.97
16	79	7526.77
16	80	8019.07
16	81	8782.51
16	82	7265.72
16	83	5100.0
16	84	5469.06
16	85	6656.94
16	86	5627.92
16	87	5270.0
16	88	5977.86
16	89	7386.04
16	90	8882.31
16	91	8520.65
16	92	8059.05
16	93	7246.94
16	94	6865.59
16	95	5630.58
16	96	5743.5
16	97	6132.15
16	98	6415.52
16	99	6217.05
16	100	5895.0
16	101	7844.21
16	102	9266.8
16	103	10023.63
16	104	8725.32
16	105	7025.0
16	106	7297.35
16	107	7985.54
16	108	7759.72
16	109	7456.39
16	110	7369.77
16	111	8351.42
16	112	8667.65
16	113	9357.26
16	114	9757.64
16	115	10471.15
16	116	9235.97
16	117	7650.0
16	118	7900.83
16	119	8789.82
16	120	8065.55
16	121	7820.0
16	122	8287.39
16	123	9377.26
16	124	10595.99
16	125	10372.44
16	126	9996.72
16	127	9354.37
16	128	9062.13
16	129	8166.36
16	130	8244.62
16	131	8519.93
16	132	8726.1
16	133	11065.28
16	134	9904.48
16	135	8445.0
16	136	8672.87
17	1	625.0
17	2	2071.53
17	3	7177.26
17	4	9146.38
17	5	1223.25
17	6	639.9
17	7	708.84
17	8	1298.78
17	9	5976.31
17	10	6600.52
17	11	7791.37
17	12	8415.9
17	13	9125.0
17	14	7150.0
17	15	4950.73
17	16	1975.0
17	18	2201.64
17	19	170.0
17	20	1982.3
17	21	7152.02
17	22	9126.58
17	23	8423.97
17	24	7800.09
17	25	6610.81
17	26	5987.67
17	27	1350.12
17	28	799.03
17	29	738.56
17	30	1277.63
17	31	795.0
17	32	2129.0
17	33	7194.06
17	34	9159.57
17	35	9325.84
17	36	7404.6
17	37	2757.94
17	38	1925.0
17	39	2528.31
17	40	2303.36
17	41	2323.46
17	42	2565.7
17	43	6372.77
17	44	6961.53
17	45	8099.47
17	46	8701.92
17	47	9474.6
17	48	7591.11
17	49	5607.65
17	50	3225.39
17	51	2550.0
17	52	3432.67
17	53	2720.0
17	54	3361.4
17	55	7649.9
17	56	9521.77
17	57	8940.88
17	58	8355.68
17	59	7258.02
17	60	6695.39
17	61	3286.16
17	62	3100.72
17	63	3085.69
17	64	3257.05
17	65	3345.0
17	66	3884.54
17	67	7893.76
17	68	9718.78
17	69	10163.23
17	70	8434.93
17	71	4891.45
17	72	4475.0
17	73	4928.83
17	74	4817.31
17	75	4826.95
17	76	4948.11
17	77	7649.4
17	78	8146.4
17	79	9137.97
17	80	9675.97
17	81	10453.5
17	82	8782.51
17	83	5469.06
17	84	5100.0
17	85	5632.43
17	86	5270.0
17	87	5627.92
17	88	7168.45
17	89	8882.31
17	90	10537.48
17	91	10095.56
17	92	9581.15
17	93	8640.59
17	94	8173.69
17	95	5725.37
17	96	5620.98
17	97	5612.71
17	98	5708.71
17	99	5895.0
17	100	6217.05
17	101	9266.8
17	102	10863.55
17	103	11515.91
17	104	10023.63
17	105	7297.35
17	106	7025.0
17	107	7429.63
17	108	7356.12
17	109	7362.44
17	110	7442.43
17	111	9456.18
17	112	9862.55
17	113	10696.19
17	114	11159.32
17	115	11907.48
17	116	10471.15
17	117	7900.83
17	118	7650.0
17	119	8041.78
17	120	7820.0
17	121	8065.55
17	122	9183.29
17	123	10595.99
17	124	12017.41
17	125	11700.7
17	126	11259.86
17	127	10471.19
17	128	10089.36
17	129	8232.0
17	130	8159.75
17	131	8154.05
17	132	8220.42
17	133	12433.17
17	134	11065.28
17	135	8672.87
17	136	8445.0
18	1	2311.73
18	2	4234.94
18	3	9376.92
18	4	11347.23
18	5	1093.77
18	6	1690.99
18	7	2863.08
18	8	3483.04
18	9	8177.79
18	10	8802.09
18	11	9993.01
18	12	10617.54
18	13	11325.32
18	14	9350.39
18	15	7150.0
18	16	4175.87
18	17	2201.64
18	19	2201.64
18	20	4175.87
18	21	9350.39
18	22	11325.32
18	23	10617.54
18	24	9993.01
18	25	8802.09
18	26	8177.79
18	27	3483.04
18	28	2863.08
18	29	1690.99
18	30	1093.77
18	31	2311.73
18	32	4234.94
18	33	9376.92
18	34	11347.23
18	35	11473.5
18	36	9529.33
18	37	4562.48
18	38	2868.03
18	39	2378.83
18	40	2705.91
18	41	3558.05
18	42	4073.59
18	43	8446.23
18	44	9052.04
18	45	10213.85
18	46	10825.65
18	47	11590.16
18	48	9669.47
18	49	7591.11
18	50	4848.39
18	51	3303.97
18	52	2550.0
18	53	3432.67
18	54	4936.99
18	55	9714.2
18	56	11627.5
18	57	11012.47
18	58	10411.66
18	59	9274.66
18	60	8684.4
18	61	4546.88
18	62	4091.42
18	63	3376.68
18	64	3120.71
18	65	3932.89
18	66	5297.0
18	67	9902.03
18	68	11784.87
18	69	12146.1
18	70	10329.31
18	71	6058.28
18	72	4910.41
18	73	4808.98
18	74	4978.9
18	75	5488.83
18	76	5836.23
18	77	9423.71
18	78	9970.3
18	79	11035.86
18	80	11604.4
18	81	12385.71
18	82	10610.03
18	83	6525.4
18	84	5476.33
18	85	5100.0
18	86	5632.43
18	87	6656.94
18	88	8782.51
18	89	10691.43
18	90	12455.51
18	91	11950.82
18	92	11399.57
18	93	10371.44
18	94	9847.14
18	95	6497.82
18	96	6187.67
18	97	5740.16
18	98	5593.42
18	99	6212.58
18	100	7154.49
18	101	11008.12
18	102	12728.38
18	103	13282.29
18	104	11644.14
18	105	8099.03
18	106	7280.36
18	107	7321.12
18	108	7433.84
18	109	7784.58
18	110	8033.31
18	111	10921.48
18	112	11396.46
18	113	12339.48
18	114	12850.47
18	115	13619.28
18	116	12027.12
18	117	8640.59
18	118	7878.4
18	119	7650.0
18	120	8041.78
18	121	8789.82
18	122	10471.15
18	123	12134.77
18	124	13714.44
18	125	13318.21
18	126	12825.86
18	127	11921.38
18	128	11468.16
18	129	8762.08
18	130	8534.62
18	131	8215.96
18	132	8114.11
18	133	14076.41
18	134	12542.41
18	135	9344.53
18	136	8644.63
19	1	795.0
19	2	2129.0
19	3	7194.06
19	4	9159.57
19	5	1277.63
19	6	738.56
19	7	799.03
19	8	1350.12
19	9	5987.67
19	10	6610.81
19	11	7800.09
19	12	8423.97
19	13	9126.58
19	14	7152.02
19	15	4950.73
19	16	1982.3
19	17	170.0
19	18	2201.64
19	20	1975.0
19	21	7150.0
19	22	9125.0
19	23	8415.9
19	24	7791.37
19	25	6600.52
19	26	5976.31
19	27	1298.78
19	28	708.84
19	29	639.9
19	30	1223.25
19	31	625.0
19	32	2071.53
19	33	7177.26
19	34	9146.38
19	35	9292.24
19	36	7362.24
19	37	2642.09
19	38	1755.0
19	39	2379.36
19	40	2138.8
19	41	2160.43
19	42	2419.05
19	43	6315.16
19	44	6908.83
19	45	8054.22
19	46	8659.81
19	47	9430.27
19	48	7535.71
19	49	5529.8
19	50	3092.74
19	51	2380.0
19	52	3303.97
19	53	2550.0
19	54	3225.39
19	55	7591.11
19	56	9474.6
19	57	8884.61
19	58	8295.45
19	59	7188.59
19	60	6620.06
19	61	3129.83
19	62	2934.53
19	63	2918.64
19	64	3099.25
19	65	3175.0
19	66	3739.15
19	67	7823.24
19	68	9661.59
19	69	10089.53
19	70	8345.99
19	71	4736.42
19	72	4305.0
19	73	4763.96
19	74	4648.49
19	75	4658.48
19	76	4783.91
19	77	7544.22
19	78	8047.72
19	79	9050.11
19	80	9593.04
19	81	10371.62
19	82	8684.89
19	83	5310.89
19	84	4930.0
19	85	5476.33
19	86	5100.0
19	87	5469.06
19	88	7046.47
19	89	8782.51
19	90	10453.5
19	91	10002.52
19	92	9483.06
19	93	8531.7
19	94	8058.49
19	95	5559.66
19	96	5452.11
19	97	5443.57
19	98	5542.5
19	99	5725.0
19	100	6056.09
19	101	9159.59
19	102	10772.24
19	103	11413.0
19	104	9905.23
19	105	7133.84
19	106	6855.0
19	107	7261.84
19	108	7186.62
19	109	7193.08
19	110	7274.95
19	111	9324.93
19	112	9736.78
19	113	10580.33
19	114	11048.32
19	115	11798.98
19	116	10347.6
19	117	7736.34
19	118	7480.0
19	119	7878.4
19	120	7650.0
19	121	7900.83
19	122	9040.56
19	123	10471.15
19	124	11907.48
19	125	11583.15
19	126	11137.66
19	127	10339.67
19	128	9952.8
19	129	8064.05
19	130	7990.27
19	131	7984.45
19	132	8052.23
19	133	12318.33
19	134	10936.09
19	135	8507.42
19	136	8275.0
20	1	2129.0
20	2	795.0
20	3	5235.71
20	4	7194.06
20	5	3194.04
20	6	2578.03
20	7	1425.07
20	8	863.97
20	9	4022.35
20	10	4643.4
20	11	5830.21
20	12	6453.25
20	13	7152.02
20	14	5177.79
20	15	2976.21
20	16	170.0
20	17	1982.3
20	18	4175.87
20	19	1975.0
20	21	5175.0
20	22	7150.0
20	23	6442.71
20	24	5818.53
20	25	4628.73
20	26	4005.41
20	27	781.31
20	28	1376.53
20	29	2551.52
20	30	3172.68
20	31	2071.53
20	32	625.0
20	33	5212.6
20	34	7177.26
20	35	7362.24
20	36	5464.49
20	37	1755.0
20	38	2642.09
20	39	3772.38
20	40	3267.3
20	41	2461.67
20	42	2185.28
20	43	4495.36
20	44	5058.67
20	45	6166.06
20	46	6758.21
20	47	7535.71
20	48	5696.05
20	49	3863.53
20	50	2380.0
20	51	3092.74
20	52	4848.39
20	53	3225.39
20	54	2550.0
20	55	5769.15
20	56	7591.11
20	57	7043.97
20	58	6477.99
20	59	5434.53
20	60	4914.5
20	61	2952.87
20	62	3162.88
20	63	3823.51
20	64	4263.2
20	65	3739.15
20	66	3175.0
20	67	6071.35
20	68	7823.24
20	69	8345.99
20	70	6731.54
20	71	4305.0
20	72	4736.42
20	73	5591.5
20	74	5263.96
20	75	4805.6
20	76	4670.06
20	77	6102.64
20	78	6528.72
20	79	7419.86
20	80	7918.8
20	81	8684.89
20	82	7147.41
20	83	4930.0
20	84	5310.89
20	85	6525.4
20	86	5469.06
20	87	5100.0
20	88	5831.02
20	89	7265.72
20	90	8782.51
20	91	8410.2
20	92	7942.19
20	93	7116.75
20	94	6728.02
20	95	5462.0
20	96	5578.34
20	97	5977.73
20	98	6268.08
20	99	6056.09
20	100	5725.0
20	101	7717.27
20	102	9159.59
20	103	9905.23
20	104	8589.04
20	105	6855.0
20	106	7133.84
20	107	7829.68
20	108	7599.23
20	109	7289.23
20	110	7200.59
20	111	8202.52
20	112	8524.27
20	113	9224.6
20	114	9630.5
20	115	10347.6
20	116	9095.66
20	117	7480.0
20	118	7736.34
20	119	8640.59
20	120	7900.83
20	121	7650.0
20	122	8128.95
20	123	9235.97
20	124	10471.15
20	125	10239.65
20	126	9858.87
20	127	9206.91
20	128	8909.84
20	129	7997.03
20	130	8076.93
20	131	8357.77
20	132	8567.84
20	133	10936.09
20	134	9759.93
20	135	8275.0
20	136	8507.42
21	1	7194.06
21	2	5235.71
21	3	795.0
21	4	2129.0
21	5	8346.1
21	6	7722.25
21	7	6533.03
21	8	5909.93
21	9	1277.63
21	10	738.56
21	11	799.03
21	12	1350.12
21	13	1982.3
21	14	170.0
21	15	2201.64
21	16	5177.79
21	17	7152.02
21	18	9350.39
21	19	7150.0
21	20	5175.0
21	22	1975.0
21	23	1298.78
21	24	708.84
21	25	639.9
21	26	1223.25
21	27	5898.42
21	28	6522.61
21	29	7713.43
21	30	8337.95
21	31	7177.26
21	32	5212.6
21	33	625.0
21	34	2071.53
21	35	2642.09
21	36	1755.0
21	37	5464.49
21	38	7362.24
21	39	8584.08
21	40	7978.85
21	41	6834.43
21	42	6241.5
21	43	2379.36
21	44	2138.8
21	45	2160.43
21	46	2419.05
21	47	3092.74
21	48	2380.0
21	49	3303.97
21	50	5696.05
21	51	7535.71
21	52	9669.47
21	53	7591.11
21	54	5769.15
21	55	2550.0
21	56	3225.39
21	57	3129.83
21	58	2934.53
21	59	2918.64
21	60	3099.25
21	61	6549.83
21	62	7117.12
21	63	8222.29
21	64	8810.81
21	65	7823.24
21	66	6071.35
21	67	3175.0
21	68	3739.15
21	69	4736.42
21	70	4305.0
21	71	6731.54
21	72	8345.99
21	73	9524.73
21	74	8983.1
21	75	7983.95
21	76	7482.67
21	77	4763.96
21	78	4648.49
21	79	4658.48
21	80	4783.91
21	81	5310.89
21	82	4930.0
21	83	7147.41
21	84	8684.89
21	85	10610.03
21	86	8782.51
21	87	7265.72
21	88	5476.33
21	89	5100.0
21	90	5469.06
21	91	5559.66
21	92	5452.11
21	93	5443.57
21	94	5542.5
21	95	8000.9
21	96	8471.57
21	97	9419.13
21	98	9937.02
21	99	9159.59
21	100	7717.27
21	101	5725.0
21	102	6056.09
21	103	7133.84
21	104	6855.0
21	105	8589.04
21	106	9905.23
21	107	10989.06
21	108	10523.07
21	109	9684.13
21	110	9275.2
21	111	7261.84
21	112	7186.62
21	113	7193.08
21	114	7274.95
21	115	7736.34
21	116	7480.0
21	117	9095.66
21	118	10347.6
21	119	12027.12
21	120	10471.15
21	121	9235.97
21	122	7878.4
21	123	7650.0
21	124	7900.83
21	125	8064.05
21	126	7990.27
21	127	7984.45
21	128	8052.23
21	129	9906.23
21	130	10290.11
21	131	11083.28
21	132	11526.64
21	133	8507.42
21	134	8275.0
21	135	9759.93
21	136	10936.09
22	1	9159.57
22	2	7194.06
22	3	2129.0
22	4	795.0
22	5	10318.4
22	6	9694.14
22	7	8503.84
22	8	7879.94
22	9	3194.04
22	10	2578.03
22	11	1425.07
22	12	863.97
22	13	170.0
22	14	1982.3
22	15	4175.87
22	16	7152.02
22	17	9126.58
22	18	11325.32
22	19	9125.0
22	20	7150.0
