param n := 70;
param deposito := 64;
param numero_clusters := 14;
param factor := 1;

set Np[1]:= 25 39 45 46  ;
set Np[2]:= 31 35 69 70  ;
set Np[3]:= 64  ;
set Np[4]:= 26 49 55  ;
set Np[5]:= 4 6 18 41 42 43 53  ;
set Np[6]:= 12 33 48 54 62 67  ;
set Np[7]:= 5 10 16 37 47 50 58  ;
set Np[8]:= 14 20 30 44 68  ;
set Np[9]:= 15 19 24 57  ;
set Np[10]:= 9 17 21 27 34 40 61  ;
set Np[11]:= 1 13 23 29 36  ;
set Np[12]:= 11 51 52 56 60 65  ;
set Np[13]:= 2 3 7 8 28 32  ;
set Np[14]:= 22 38 59 63 66  ;


param c:=
1	2	59.2
1	3	73.17
1	4	54.59
1	5	33.12
1	6	53.34
1	7	64.29
1	8	80.41
1	9	80.53
1	10	36.4
1	11	60.41
1	12	57.01
1	13	14.56
1	14	88.0
1	15	49.82
1	16	8.6
1	17	65.55
1	18	56.14
1	19	68.03
1	20	95.02
1	21	64.07
1	22	25.94
1	23	8.54
1	24	51.04
1	25	105.39
1	26	81.32
1	27	93.41
1	28	84.01
1	29	14.14
1	30	93.43
1	31	19.7
1	32	68.59
1	33	60.14
1	34	64.64
1	35	32.57
1	36	4.24
1	37	20.62
1	38	18.6
1	39	95.21
1	40	89.55
1	41	58.86
1	42	60.01
1	43	66.1
1	44	78.92
1	45	97.94
1	46	99.01
1	47	12.53
1	48	65.74
1	49	90.8
1	50	30.48
1	51	43.83
1	52	41.87
1	53	33.96
1	54	67.8
1	55	95.27
1	56	52.8
1	57	43.83
1	58	21.26
1	59	26.25
1	60	50.21
1	61	87.66
1	62	77.99
1	63	30.02
1	64	55.15
1	65	49.04
1	66	30.68
1	67	60.83
1	68	78.64
1	69	21.47
1	70	20.1
2	1	59.2
2	3	19.42
2	4	8.54
2	5	42.52
2	6	22.36
2	7	5.1
2	8	22.02
2	9	52.5
2	10	47.2
2	11	81.84
2	12	52.39
2	13	53.04
2	14	34.89
2	15	23.43
2	16	56.86
2	17	40.2
2	18	12.04
2	19	13.0
2	20	42.05
2	21	52.15
2	22	34.23
2	23	50.7
2	24	19.85
2	25	80.23
2	26	22.14
2	27	58.31
2	28	26.17
2	29	55.04
2	30	43.83
2	31	49.04
2	32	13.04
2	33	62.1
2	34	53.15
2	35	49.34
2	36	61.39
2	37	54.41
2	38	42.3
2	39	74.73
2	40	63.57
2	41	26.02
2	42	17.26
2	43	36.5
2	44	35.0
2	45	72.8
2	46	64.66
2	47	50.99
2	48	80.06
2	49	31.62
2	50	53.76
2	51	66.29
2	52	49.74
2	53	33.94
2	54	71.81
2	55	36.72
2	56	72.95
2	57	22.85
2	58	53.6
2	59	37.01
2	60	55.15
2	61	65.25
2	62	75.24
2	63	31.02
2	64	93.61
2	65	76.28
2	66	28.64
2	67	75.77
2	68	37.74
2	69	47.1
2	70	55.15
3	1	73.17
3	2	19.42
3	4	19.24
3	5	48.75
3	6	22.83
3	7	16.28
3	8	11.66
3	9	39.0
3	10	51.62
3	11	81.57
3	12	48.83
3	13	69.58
3	14	15.81
3	15	42.8
3	16	69.05
3	17	31.38
3	18	17.03
3	19	25.5
3	20	23.09
3	21	45.62
3	22	50.49
3	23	65.03
3	24	39.2
3	25	64.76
3	26	18.68
3	27	41.44
3	28	12.81
3	29	71.57
3	30	24.41
3	31	66.29
3	32	6.4
3	33	58.52
3	34	46.52
3	35	68.15
3	36	76.03
3	37	63.57
3	38	58.31
3	39	61.13
3	40	49.25
3	41	21.21
3	42	14.32
3	43	26.93
3	44	17.72
3	45	57.87
3	46	47.54
3	47	62.97
3	48	77.67
3	49	25.24
3	50	59.94
3	51	68.88
3	52	52.01
3	53	42.06
3	54	67.12
3	55	33.12
3	56	73.55
3	57	42.06
3	58	62.63
3	59	54.34
3	60	54.49
3	61	52.01
3	62	67.68
3	63	48.05
3	64	97.62
3	65	78.64
3	66	44.28
3	67	74.2
3	68	21.38
3	69	64.54
3	70	72.57
4	1	54.59
4	2	8.54
4	3	19.24
4	5	34.66
4	6	14.04
4	7	12.04
4	8	25.96
4	9	46.1
4	10	39.05
4	11	73.36
4	12	43.93
4	13	50.36
4	14	34.93
4	15	27.46
4	16	51.24
4	17	32.76
4	18	4.47
4	19	21.54
4	20	42.2
4	21	44.01
4	22	31.26
4	23	46.27
4	24	24.19
4	25	74.24
4	26	28.3
4	27	53.41
4	28	29.43
4	29	52.35
4	30	42.54
4	31	47.07
4	32	14.04
4	33	53.6
4	34	45.01
4	35	49.65
4	36	57.22
4	37	47.51
4	38	39.12
4	39	68.01
4	40	57.27
4	41	18.44
4	42	10.82
4	43	29.41
4	44	31.24
4	45	66.64
4	46	59.82
4	47	45.22
4	48	71.51
4	49	37.59
4	50	46.01
4	51	58.01
4	52	41.34
4	53	26.4
4	54	63.35
4	55	43.6
4	56	64.5
4	57	24.76
4	58	46.65
4	59	35.17
4	60	46.62
4	61	58.52
4	62	67.07
4	63	28.86
4	64	85.63
4	65	68.01
4	66	25.08
4	67	67.23
4	68	33.24
4	69	45.35
4	70	53.37
5	1	33.12
5	2	42.52
5	3	48.75
5	4	34.66
5	6	26.0
5	7	46.67
5	8	58.83
5	9	47.54
5	10	6.0
5	11	41.98
5	12	24.84
5	13	39.05
5	14	61.13
5	15	48.05
5	16	25.63
5	17	32.98
5	18	33.6
5	19	55.0
5	20	67.47
5	21	31.24
5	22	28.64
5	23	28.32
5	24	46.84
5	25	72.42
5	26	62.63
5	27	60.73
5	28	61.29
5	29	40.36
5	30	64.38
5	31	39.96
5	32	46.32
5	33	30.46
5	34	31.89
5	35	50.7
5	36	37.22
5	37	16.0
5	38	30.41
5	39	62.48
5	40	56.44
5	41	29.61
5	42	34.44
5	43	34.23
5	44	49.16
5	45	64.9
5	46	66.13
5	47	20.59
5	48	43.0
5	49	71.61
5	50	11.4
5	51	24.7
5	52	11.4
5	53	8.94
5	54	39.85
5	55	78.1
5	56	32.76
5	57	41.59
5	58	15.0
5	59	34.21
5	60	20.25
5	61	54.64
5	62	48.3
5	63	31.14
5	64	51.09
5	65	34.44
5	66	26.0
5	67	38.01
5	68	48.0
5	69	39.82
5	70	45.0
6	1	53.34
6	2	22.36
6	3	22.83
6	4	14.04
6	5	26.0
6	7	24.7
6	8	33.42
6	9	34.41
6	10	28.84
6	11	60.75
6	12	30.08
6	13	52.92
6	14	35.51
6	15	39.56
6	16	48.01
6	17	19.7
6	18	10.44
6	19	35.17
6	20	42.19
6	21	30.0
6	22	34.99
6	23	45.89
6	24	36.69
6	25	62.68
6	26	38.29
6	27	44.05
6	28	35.51
6	29	54.78
6	30	40.11
6	31	51.0
6	32	21.21
6	33	39.85
6	34	31.0
6	35	56.73
6	36	56.72
6	37	41.23
6	38	41.63
6	39	55.46
6	40	45.49
6	41	6.4
6	42	8.6
6	43	17.2
6	44	25.71
6	45	54.92
6	46	50.33
6	47	42.0
6	48	58.18
6	49	46.69
6	50	37.12
6	51	46.67
6	52	29.7
6	53	20.1
6	54	49.48
6	55	53.81
6	56	52.2
6	57	35.36
6	58	40.26
6	59	40.22
6	60	33.62
6	61	46.07
6	62	53.04
6	63	34.21
6	64	75.17
6	65	56.59
6	66	28.84
6	67	54.12
6	68	26.0
6	69	49.74
6	70	57.25
7	1	64.29
7	2	5.1
7	3	16.28
7	4	12.04
7	5	46.67
7	6	24.7
7	8	17.12
7	9	52.17
7	10	51.09
7	11	85.09
7	12	54.71
7	13	58.08
7	14	31.06
7	15	26.93
7	16	61.85
7	17	41.01
7	18	14.32
7	19	11.0
7	20	38.08
7	21	53.76
7	22	39.32
7	23	55.79
7	24	23.32
7	25	79.38
7	26	17.09
7	27	56.8
7	28	21.38
7	29	60.07
7	30	40.46
7	31	54.01
7	32	10.0
7	33	64.51
7	34	54.74
7	35	53.85
7	36	66.49
7	37	59.08
7	38	47.38
7	39	74.53
7	40	63.06
7	41	27.29
7	42	18.11
7	43	37.01
7	44	33.12
7	45	72.12
7	46	63.06
7	47	55.95
7	48	82.86
7	49	26.57
7	50	58.0
7	51	70.0
7	52	53.25
7	53	38.29
7	54	74.04
7	55	31.91
7	56	76.32
7	57	27.2
7	58	58.25
7	59	42.0
7	60	58.14
7	61	65.12
7	62	76.79
7	63	36.06
7	64	97.67
7	65	80.0
7	66	33.73
7	67	78.72
7	68	36.25
7	69	52.04
7	70	60.07
8	1	80.41
8	2	22.02
8	3	11.66
8	4	25.96
8	5	58.83
8	6	33.42
8	7	17.12
8	9	49.37
8	10	62.2
8	11	93.09
8	12	60.46
8	13	75.01
8	14	17.49
8	15	43.08
8	16	77.2
8	17	42.95
8	18	25.5
8	19	21.4
8	20	23.35
8	21	57.25
8	22	56.08
8	23	72.01
8	24	39.56
8	25	73.55
8	26	8.06
8	27	49.65
8	28	4.47
8	29	77.01
8	30	27.78
8	31	71.06
8	32	12.53
8	33	70.18
8	34	58.14
8	35	70.83
8	36	82.87
8	37	72.92
8	38	64.12
8	39	71.03
8	40	59.01
8	41	32.65
8	42	24.84
8	43	38.48
8	44	27.02
8	45	67.12
8	46	55.32
8	47	71.17
8	48	89.31
8	49	13.6
8	50	70.18
8	51	79.98
8	52	63.03
8	53	51.43
8	54	78.77
8	55	21.47
8	56	84.96
8	57	44.15
8	58	72.01
8	59	59.03
8	60	65.95
8	61	62.2
8	62	79.12
8	63	53.0
8	64	108.58
8	65	89.83
8	66	50.25
8	67	85.8
8	68	31.06
8	69	69.12
8	70	77.16
9	1	80.53
9	2	52.5
9	3	39.0
9	4	46.1
9	5	47.54
9	6	34.41
9	7	52.17
9	8	49.37
9	10	45.61
9	11	57.78
9	12	28.02
9	13	84.05
9	14	37.16
9	15	73.36
9	16	73.16
9	17	15.62
9	18	41.63
9	19	62.97
9	20	38.83
9	21	20.1
9	22	67.94
9	23	74.79
9	24	70.21
9	25	28.3
9	26	57.22
9	27	14.0
9	28	48.05
9	29	85.7
9	30	32.02
9	31	83.24
9	32	43.29
9	33	33.53
9	34	20.22
9	35	90.52
9	36	84.53
9	37	62.64
9	38	73.41
9	39	22.36
9	40	11.18
9	41	28.3
9	42	35.47
9	43	17.2
9	44	22.56
9	45	20.59
9	46	18.68
9	47	68.03
9	48	50.61
9	49	61.61
9	50	54.13
9	51	53.24
9	52	41.59
9	53	47.71
9	54	37.74
9	55	69.86
9	56	52.89
9	57	69.64
9	58	61.68
9	59	73.55
9	60	37.01
9	61	13.04
9	62	33.3
9	63	67.9
9	64	79.81
9	65	60.42
9	66	62.23
9	67	49.24
9	68	18.44
9	69	82.33
9	70	89.2
10	1	36.4
10	2	47.2
10	3	51.62
10	4	39.05
10	5	6.0
10	6	28.84
10	7	51.09
10	8	62.2
10	9	45.61
10	11	36.14
10	12	20.62
10	13	43.83
10	14	62.97
10	15	53.94
10	16	28.3
10	17	32.06
10	18	37.48
10	19	59.91
10	20	68.96
10	21	27.78
10	22	34.53
10	23	32.65
10	24	52.63
10	25	69.12
10	26	66.53
10	27	59.23
10	28	64.35
10	29	45.0
10	30	65.31
10	31	45.18
10	32	49.82
10	33	25.06
10	34	28.3
10	35	56.3
10	36	40.61
10	37	17.09
10	38	35.85
10	39	58.82
10	40	53.71
10	41	31.38
10	42	37.44
10	43	34.06
10	44	50.01
10	45	61.77
10	46	64.29
10	47	24.08
10	48	37.0
10	49	75.29
10	50	9.06
10	51	19.24
10	52	5.83
10	53	14.56
10	54	34.18
10	55	82.07
10	56	26.93
10	57	47.52
10	58	16.16
10	59	40.02
10	60	14.76
10	61	51.48
10	62	43.05
10	63	37.12
10	64	46.67
10	65	29.15
10	66	32.0
10	67	32.02
10	68	48.37
10	69	45.19
10	70	49.93
11	1	60.41
11	2	81.84
11	3	81.57
11	4	73.36
11	5	41.98
11	6	60.75
11	7	85.09
11	8	93.09
11	9	57.78
11	10	36.14
11	12	33.3
11	13	72.78
11	14	88.73
11	15	90.03
11	16	52.2
11	17	52.63
11	18	70.83
11	19	94.81
11	20	93.01
11	21	39.12
11	22	69.07
11	23	61.19
11	24	88.77
11	25	68.01
11	26	98.81
11	27	70.84
11	28	94.18
11	29	73.25
11	30	87.37
11	31	75.95
11	32	81.61
11	33	24.7
11	34	38.59
11	35	88.57
11	36	64.26
11	37	41.59
11	38	68.18
11	39	57.01
11	40	59.44
11	41	60.44
11	42	68.82
11	43	56.73
11	44	73.41
11	45	63.2
11	46	73.25
11	47	51.79
11	48	9.22
11	49	106.67
11	50	34.0
11	51	18.0
11	52	32.31
11	53	50.7
11	54	21.21
11	55	114.2
11	56	9.22
11	57	83.55
11	58	41.44
11	59	74.0
11	60	27.2
11	61	54.92
11	62	31.06
11	63	72.25
11	64	24.08
11	65	11.66
11	66	67.6
11	67	8.54
11	68	70.21
11	69	76.66
11	70	79.08
12	1	57.01
12	2	52.39
12	3	48.83
12	4	43.93
12	5	24.84
12	6	30.08
12	7	54.71
12	8	60.46
12	9	28.02
12	10	20.62
12	11	33.3
12	13	63.89
12	14	55.44
12	15	66.27
12	16	48.83
12	17	19.42
12	18	40.52
12	19	65.25
12	20	59.91
12	21	8.06
12	22	51.89
12	23	53.04
12	24	64.07
12	25	48.76
12	26	66.73
12	27	42.01
12	28	61.22
12	29	65.19
12	30	54.59
12	31	64.64
12	32	49.65
12	33	9.85
12	34	8.25
12	35	74.71
12	36	61.22
12	37	37.22
12	38	54.92
12	39	38.28
12	40	34.21
12	41	28.18
12	42	37.16
12	43	23.43
12	44	40.22
12	45	41.63
12	46	46.17
12	47	44.69
12	48	28.84
12	49	74.06
12	50	27.73
12	51	25.32
12	52	15.26
12	53	29.55
12	54	19.42
12	55	81.84
12	56	26.42
12	57	60.67
12	58	36.36
12	59	57.7
12	60	9.0
12	61	31.38
12	62	24.74
12	63	53.49
12	64	52.92
12	65	33.24
12	66	47.76
12	67	25.5
12	68	37.22
12	69	64.35
12	70	69.81
13	1	14.56
13	2	53.04
13	3	69.58
13	4	50.36
13	5	39.05
13	6	52.92
13	7	58.08
13	8	75.01
13	9	84.05
13	10	43.83
13	11	72.78
13	12	63.89
13	14	85.16
13	15	38.91
13	16	21.02
13	17	68.51
13	18	52.95
13	19	59.67
13	20	92.4
13	21	70.01
13	22	19.1
13	23	11.7
13	24	40.85
13	25	110.63
13	26	74.55
13	27	95.88
13	28	79.01
13	29	2.0
13	30	91.92
13	31	5.66
13	32	64.2
13	33	68.8
13	34	70.72
13	35	18.03
13	36	13.04
13	37	31.32
13	38	11.4
13	39	101.14
13	40	94.02
13	41	59.09
13	42	57.97
13	43	68.1
13	44	78.43
13	45	102.94
13	46	101.87
13	47	21.19
13	48	77.16
13	49	83.86
13	50	40.31
13	51	55.36
13	52	49.65
13	53	36.4
13	54	77.41
13	55	87.32
13	56	64.56
13	57	33.84
13	58	31.62
13	59	16.28
13	60	58.52
13	61	92.85
13	62	86.82
13	63	22.02
13	64	69.46
13	65	61.81
13	66	25.32
13	67	72.11
13	68	78.92
13	69	7.81
13	70	6.32
14	1	88.0
14	2	34.89
14	3	15.81
14	4	34.93
14	5	61.13
14	6	35.51
14	7	31.06
14	8	17.49
14	9	37.16
14	10	62.97
14	11	88.73
14	12	55.44
14	13	85.16
14	15	57.98
14	16	83.29
14	17	36.12
14	18	32.25
14	19	38.21
14	20	7.28
14	21	50.21
14	22	66.1
14	23	80.06
14	24	54.38
14	25	58.0
14	26	25.08
14	27	34.01
14	28	13.93
14	29	87.13
14	30	10.3
14	31	82.0
14	32	21.93
14	33	64.38
14	34	50.93
14	35	83.93
14	36	91.05
14	37	76.69
14	38	73.82
14	39	57.07
14	40	45.12
14	41	31.62
14	42	28.02
14	43	32.02
14	44	15.62
14	45	52.24
14	46	39.12
14	47	77.23
14	48	83.44
14	49	26.02
14	50	71.78
14	51	78.39
14	52	62.17
14	53	55.58
14	54	71.59
14	55	34.01
14	56	81.61
14	57	57.7
14	58	75.71
14	59	70.09
14	60	62.68
14	61	49.04
14	62	69.64
14	63	63.79
14	64	107.19
14	65	87.66
14	66	59.84
14	67	80.72
14	68	19.42
14	69	80.28
14	70	88.29
15	1	49.82
15	2	23.43
15	3	42.8
15	4	27.46
15	5	48.05
15	6	39.56
15	7	26.93
15	8	43.08
15	9	73.36
15	10	53.94
15	11	90.03
15	12	66.27
15	13	38.91
15	14	57.98
15	16	50.99
15	17	59.24
15	18	31.91
15	19	23.19
15	20	65.0
15	21	68.45
15	22	24.84
15	23	41.77
15	24	3.61
15	25	101.6
15	26	39.81
15	27	80.8
15	28	47.54
15	29	40.72
15	30	67.2
15	31	33.62
15	32	36.4
15	33	75.03
15	34	69.43
15	35	29.0
15	36	50.48
15	37	53.71
15	38	31.24
15	39	94.94
15	40	84.53
15	41	45.19
15	42	38.28
15	43	56.36
15	44	58.05
15	45	93.94
15	46	87.2
15	47	46.4
15	48	90.55
15	49	48.26
15	50	57.25
15	51	72.53
15	52	58.42
15	53	39.46
15	54	85.02
15	55	50.09
15	56	80.81
15	57	6.71
15	58	53.24
15	59	23.6
15	60	66.07
15	61	85.49
15	62	90.8
15	63	20.62
15	64	96.15
15	65	81.91
15	66	23.26
15	67	85.71
15	68	60.44
15	69	31.38
15	70	38.6
16	1	8.6
16	2	56.86
16	3	69.05
16	4	51.24
16	5	25.63
16	6	48.01
16	7	61.85
16	8	77.2
16	9	73.16
16	10	28.3
16	11	52.2
16	12	48.83
16	13	21.02
16	14	83.29
16	15	50.99
16	17	58.52
16	18	52.17
16	19	66.89
16	20	90.14
16	21	56.08
16	22	26.17
16	23	10.44
16	24	51.62
16	25	97.42
16	26	78.92
16	27	86.33
16	28	80.52
16	29	21.21
16	30	88.02
16	31	25.18
16	32	65.0
16	33	51.62
16	34	56.6
16	35	38.33
16	36	12.81
16	37	12.04
16	38	20.59
16	39	87.09
16	40	81.84
16	41	53.08
16	42	55.33
16	43	59.44
16	44	73.17
16	45	90.05
16	46	91.76
16	47	6.08
16	48	57.27
16	49	88.39
16	50	21.93
16	51	35.34
16	52	33.6
16	53	28.02
16	54	59.2
16	55	93.47
16	56	44.38
16	57	44.55
16	58	12.73
16	59	28.3
16	60	41.77
16	61	79.76
16	62	69.43
16	63	30.41
16	64	48.84
16	65	41.0
16	66	29.41
16	67	52.33
16	68	72.56
16	69	26.48
16	70	27.17
17	1	65.55
17	2	40.2
17	3	31.38
17	4	32.76
17	5	32.98
17	6	19.7
17	7	41.01
17	8	42.95
17	9	15.62
17	10	32.06
17	11	52.63
17	12	19.42
17	13	68.51
17	14	36.12
17	15	59.24
17	16	58.52
17	18	28.44
17	19	52.01
17	20	40.5
17	21	14.42
17	22	52.35
17	23	59.48
17	24	56.3
17	25	43.42
17	26	49.98
17	27	27.86
17	28	43.05
17	29	70.18
17	30	35.34
17	31	67.62
17	32	33.73
17	33	28.28
17	34	15.26
17	35	75.01
17	36	69.46
17	37	48.66
17	38	57.8
17	39	35.78
17	40	26.25
17	41	14.32
17	42	23.02
17	43	4.47
17	44	20.81
17	45	35.61
17	46	33.54
17	47	53.14
17	48	47.42
17	49	56.36
17	50	41.01
17	51	43.66
17	52	29.15
17	53	32.25
17	54	36.06
17	55	64.4
17	56	45.79
17	57	55.01
17	58	47.68
17	59	57.98
17	60	27.31
17	61	26.42
17	62	36.4
17	63	52.4
17	64	72.01
17	65	52.33
17	66	46.69
17	67	44.6
17	68	17.89
17	69	66.71
17	70	73.6
18	1	56.14
18	2	12.04
18	3	17.03
18	4	4.47
18	5	33.6
18	6	10.44
18	7	14.32
18	8	25.5
18	9	41.63
18	10	37.48
18	11	70.83
18	12	40.52
18	13	52.95
18	14	32.25
18	15	31.91
18	16	52.17
18	17	28.44
18	19	24.74
18	20	39.46
18	21	40.11
18	22	33.96
18	23	48.01
18	24	28.65
18	25	69.77
18	26	29.07
18	27	49.04
18	28	28.46
18	29	54.92
18	30	39.22
18	31	50.0
18	32	13.0
18	33	50.29
18	34	41.11
18	35	53.34
18	36	59.01
18	37	47.42
18	38	41.59
18	39	63.57
18	40	52.8
18	41	14.14
18	42	6.4
18	43	25.0
18	44	27.2
18	45	62.17
18	46	55.44
18	47	46.1
18	48	68.54
18	49	38.01
18	50	45.0
18	51	56.08
18	52	39.2
18	53	25.94
18	54	59.91
18	55	44.6
18	56	62.13
18	57	29.0
18	58	46.52
18	59	38.28
18	60	43.83
18	61	54.08
18	62	63.2
18	63	31.95
18	64	84.15
18	65	66.07
18	66	27.66
18	67	64.4
18	68	29.0
18	69	48.38
18	70	56.32
19	1	68.03
19	2	13.0
19	3	25.5
19	4	21.54
19	5	55.0
19	6	35.17
19	7	11.0
19	8	21.4
19	9	62.97
19	10	59.91
19	11	94.81
19	12	65.25
19	13	59.67
19	14	38.21
19	15	23.19
19	16	66.89
19	17	52.01
19	18	24.74
19	20	44.6
19	21	64.63
19	22	42.15
19	23	59.51
19	24	20.02
19	25	89.84
19	26	16.76
19	27	66.85
19	28	25.81
19	29	61.61
19	30	48.27
19	31	54.92
19	32	19.92
19	33	75.0
19	34	65.62
19	35	52.09
19	36	69.64
19	37	65.86
19	38	49.98
19	39	85.33
19	40	73.76
19	41	38.21
19	42	29.07
19	43	48.01
19	44	43.08
19	45	82.71
19	46	73.01
19	47	61.29
19	48	93.05
19	49	25.08
19	50	66.07
19	51	79.08
19	52	62.65
19	53	46.23
19	54	84.65
19	55	27.66
19	56	85.88
19	57	26.17
19	58	65.12
19	59	43.42
19	60	68.15
19	61	75.95
19	62	87.69
19	63	38.28
19	64	106.04
19	65	89.04
19	66	37.59
19	67	88.77
19	68	46.49
19	69	52.77
19	70	60.53
20	1	95.02
20	2	42.05
20	3	23.09
20	4	42.2
20	5	67.47
20	6	42.19
20	7	38.08
20	8	23.35
20	9	38.83
20	10	68.96
20	11	93.01
20	12	59.91
20	13	92.4
20	14	7.28
20	15	65.0
20	16	90.14
20	17	40.5
20	18	39.46
20	19	44.6
20	21	54.04
20	22	73.35
20	23	87.14
20	24	61.4
20	25	56.44
20	26	30.23
20	27	32.98
20	28	19.21
20	29	94.37
20	30	7.28
20	31	89.27
20	32	29.15
20	33	68.41
20	34	54.67
20	35	91.18
20	36	98.13
20	37	83.19
20	38	81.05
20	39	56.92
20	40	45.31
20	41	37.85
20	42	35.01
20	43	36.72
20	44	19.72
20	45	51.42
20	46	37.22
20	47	84.1
20	48	87.21
20	49	29.12
20	50	77.88
20	51	83.63
20	52	67.78
20	53	62.29
20	54	74.97
20	55	36.5
20	56	86.28
20	57	64.88
20	58	82.2
20	59	77.37
20	60	67.6
20	61	49.66
20	62	72.01
20	63	71.06
20	64	112.29
20	65	92.66
20	66	67.08
20	67	84.81
20	68	22.8
20	69	87.56
20	70	95.57
21	1	64.07
21	2	52.15
21	3	45.62
21	4	44.01
21	5	31.24
21	6	30.0
21	7	53.76
21	8	57.25
21	9	20.1
21	10	27.78
21	11	39.12
21	12	8.06
21	13	70.01
21	14	50.21
21	15	68.45
21	16	56.08
21	17	14.42
21	18	40.11
21	19	64.63
21	20	54.04
21	22	56.6
21	23	59.55
21	24	65.92
21	25	41.34
21	26	64.08
21	27	34.06
21	28	57.45
21	29	71.42
21	30	48.26
21	31	70.29
21	32	47.43
21	33	14.42
21	34	1.0
21	35	79.61
21	36	68.24
21	37	44.72
21	38	60.44
21	39	31.24
21	40	26.25
21	41	26.48
21	42	35.69
21	43	18.87
21	44	34.66
21	45	34.0
21	46	38.12
21	47	51.61
21	48	33.24
21	49	70.71
21	50	35.47
21	51	33.14
21	52	22.85
21	53	34.41
21	54	21.63
21	55	78.71
21	56	33.24
21	57	63.32
21	58	43.83
21	59	62.43
21	60	17.03
21	61	23.71
21	62	23.09
21	63	57.71
21	64	60.08
21	65	40.52
21	66	51.88
21	67	30.81
21	68	31.24
21	69	69.81
21	70	75.74
22	1	25.94
22	2	34.23
22	3	50.49
22	4	31.26
22	5	28.64
22	6	34.99
22	7	39.32
22	8	56.08
22	9	67.94
22	10	34.53
22	11	69.07
22	12	51.89
22	13	19.1
22	14	66.1
22	15	24.84
22	16	26.17
22	17	52.35
22	18	33.96
22	19	42.15
22	20	73.35
22	21	56.6
22	23	17.49
22	24	25.5
22	25	95.52
22	26	56.09
22	27	78.82
22	28	60.01
22	29	21.1
22	30	73.08
22	31	16.16
22	32	45.1
22	33	58.82
22	34	57.45
22	35	23.02
22	36	27.51
22	37	29.73
22	38	8.06
22	39	86.83
22	40	78.49
22	41	41.34
22	42	39.22
22	43	51.22
22	44	60.01
22	45	87.73
22	46	85.0
22	47	21.63
22	48	71.25
22	49	65.51
22	50	35.13
22	51	51.09
22	52	40.02
22	53	22.36
22	54	68.41
22	55	69.57
22	56	60.01
22	57	18.38
22	58	29.41
22	59	5.83
22	60	48.76
22	61	77.99
22	62	76.32
22	63	4.24
22	64	72.24
22	65	59.68
22	66	6.32
22	67	66.19
22	68	60.83
22	69	14.76
22	70	22.47
23	1	8.54
23	2	50.7
23	3	65.03
23	4	46.27
23	5	28.32
23	6	45.89
23	7	55.79
23	8	72.01
23	9	74.79
23	10	32.65
23	11	61.19
23	12	53.04
23	13	11.7
23	14	80.06
23	15	41.77
23	16	10.44
23	17	59.48
23	18	48.01
23	19	59.51
23	20	87.14
23	21	59.55
23	22	17.49
23	24	42.8
23	25	100.6
23	26	72.8
23	27	87.24
23	28	75.66
23	29	12.53
23	30	85.84
23	31	15.0
23	32	60.3
23	33	57.43
23	34	60.21
23	35	28.07
23	36	11.0
23	37	19.65
23	38	10.63
23	39	90.79
23	40	84.31
23	41	51.66
23	42	52.15
23	43	59.62
23	44	71.59
23	45	93.01
23	46	93.02
23	47	9.49
23	48	65.46
23	49	82.28
23	50	28.64
23	51	43.68
23	52	38.42
23	53	27.31
23	54	65.86
23	55	86.73
23	56	52.89
23	57	35.61
23	58	19.92
23	59	18.44
23	60	47.2
23	61	82.8
23	62	75.45
23	63	21.63
23	64	59.23
23	65	50.36
23	66	22.14
23	67	60.41
23	68	71.57
23	69	16.12
23	70	18.03
24	1	51.04
24	2	19.85
24	3	39.2
24	4	24.19
24	5	46.84
24	6	36.69
24	7	23.32
24	8	39.56
24	9	70.21
24	10	52.63
24	11	88.77
24	12	64.07
24	13	40.85
24	14	54.38
24	15	3.61
24	16	51.62
24	17	56.3
24	18	28.65
24	19	20.02
24	20	61.4
24	21	65.92
24	22	25.5
24	23	42.8
24	25	98.41
24	26	36.5
24	27	77.42
24	28	44.01
24	29	42.72
24	30	63.6
24	31	35.74
24	32	32.8
24	33	73.01
24	34	66.91
24	35	32.06
24	36	51.97
24	37	53.54
24	38	32.45
24	39	91.92
24	40	81.39
24	41	42.15
24	42	34.99
24	43	53.31
24	44	54.56
24	45	90.79
24	46	83.82
24	47	46.75
24	48	88.96
24	49	45.1
24	50	56.46
24	51	71.47
24	52	56.89
24	53	38.08
24	54	83.01
24	55	47.27
24	56	79.56
24	57	7.21
24	58	53.0
24	59	25.06
24	60	64.28
24	61	82.46
24	62	88.46
24	63	21.26
24	64	95.77
24	65	80.99
24	66	23.02
24	67	84.17
24	68	57.01
24	69	33.53
24	70	41.0
25	1	105.39
25	2	80.23
25	3	64.76
25	4	74.24
25	5	72.42
25	6	62.68
25	7	79.38
25	8	73.55
25	9	28.3
25	10	69.12
25	11	68.01
25	12	48.76
25	13	110.63
25	14	58.0
25	15	101.6
25	16	97.42
25	17	43.42
25	18	69.77
25	19	89.84
25	20	56.44
25	21	41.34
25	22	95.52
25	23	100.6
25	24	98.41
25	26	81.61
25	27	24.02
25	28	71.18
25	29	112.16
25	30	49.25
25	31	110.34
25	32	69.92
25	33	49.04
25	34	40.82
25	35	118.34
25	36	109.55
25	37	85.96
25	38	100.45
25	39	11.18
25	40	17.2
25	41	56.6
25	42	63.51
25	43	45.49
25	44	47.07
25	45	7.81
25	46	19.24
25	47	92.91
25	48	59.01
25	49	84.01
25	50	76.48
25	51	70.6
25	52	64.01
25	53	74.33
25	54	47.17
25	55	92.01
25	56	66.75
25	57	97.94
25	58	85.09
25	59	101.24
25	60	56.86
25	61	17.8
25	62	37.01
25	63	95.78
25	64	92.05
25	65	74.81
25	66	90.03
25	67	60.13
25	68	43.42
25	69	109.6
25	70	116.1
26	1	81.32
26	2	22.14
26	3	18.68
26	4	28.3
26	5	62.63
26	6	38.29
26	7	17.09
26	8	8.06
26	9	57.22
26	10	66.53
26	11	98.81
26	12	66.73
26	13	74.55
26	14	25.08
26	15	39.81
26	16	78.92
26	17	49.98
26	18	29.07
26	19	16.76
26	20	30.23
26	21	64.08
26	22	56.09
26	23	72.8
26	24	36.5
26	25	81.61
26	27	57.71
26	28	11.18
26	29	76.53
26	30	35.34
26	31	70.18
26	32	17.2
26	33	76.54
26	34	65.0
26	35	68.47
26	36	83.43
26	37	75.8
26	38	64.13
26	39	79.01
26	40	67.0
26	41	38.59
26	42	30.0
26	43	45.54
26	44	35.0
26	45	75.17
26	46	63.35
26	47	73.01
26	48	95.52
26	49	9.49
26	50	74.03
26	51	84.9
26	52	67.94
26	53	54.64
26	54	85.43
26	55	15.56
26	56	90.43
26	57	42.05
26	58	74.95
26	59	58.31
26	60	71.61
26	61	70.11
26	62	86.33
26	63	52.61
26	64	113.17
26	65	94.85
26	66	50.7
26	67	91.81
26	68	39.01
26	69	68.12
26	70	76.06
27	1	93.41
27	2	58.31
27	3	41.44
27	4	53.41
27	5	60.73
27	6	44.05
27	7	56.8
27	8	49.65
27	9	14.0
27	10	59.23
27	11	70.84
27	12	42.01
27	13	95.88
27	14	34.01
27	15	80.8
27	16	86.33
27	17	27.86
27	18	49.04
27	19	66.85
27	20	32.98
27	21	34.06
27	22	78.82
27	23	87.24
27	24	77.42
27	25	24.02
27	26	57.71
27	28	47.17
27	29	97.62
27	30	25.71
27	31	94.58
27	32	47.01
27	33	47.07
27	34	34.13
27	35	100.77
27	36	97.31
27	37	76.16
27	38	84.91
27	39	24.17
27	40	13.45
27	41	37.64
27	42	42.64
27	43	27.78
27	44	23.77
27	45	18.44
27	46	6.4
27	47	80.99
27	48	63.16
27	49	60.0
27	50	67.9
27	51	67.19
27	52	55.44
27	53	59.93
27	54	50.16
27	55	68.03
27	56	66.49
27	57	77.99
27	58	75.19
27	59	84.2
27	60	51.01
27	61	18.38
27	62	43.83
27	63	78.24
27	64	93.39
27	65	74.15
27	66	72.8
27	67	62.3
27	68	20.59
27	69	93.48
27	70	100.7
28	1	84.01
28	2	26.17
28	3	12.81
28	4	29.43
28	5	61.29
28	6	35.51
28	7	21.38
28	8	4.47
28	9	48.05
28	10	64.35
28	11	94.18
28	12	61.22
28	13	79.01
28	14	13.93
28	15	47.54
28	16	80.52
28	17	43.05
28	18	28.46
28	19	25.81
28	20	19.21
28	21	57.45
28	22	60.01
28	23	75.66
28	24	44.01
28	25	71.18
28	26	11.18
28	27	47.17
28	29	81.01
28	30	24.17
28	31	75.17
28	32	15.52
28	33	70.8
28	34	58.31
28	35	75.19
28	36	86.58
28	37	75.77
28	38	68.03
28	39	69.26
28	40	57.22
28	41	33.97
28	42	26.93
28	43	38.59
28	44	25.5
28	45	65.0
28	46	52.61
28	47	74.46
28	48	90.0
28	49	13.6
28	50	72.56
28	51	81.69
28	52	64.82
28	53	54.23
28	54	79.08
28	55	21.84
28	56	86.27
28	57	48.51
28	58	74.85
28	59	63.13
28	60	67.18
28	61	60.67
28	62	78.79
28	63	57.04
28	64	110.42
28	65	91.44
28	66	54.08
28	67	86.68
28	68	29.61
28	69	73.25
28	70	81.3
29	1	14.14
29	2	55.04
29	3	71.57
29	4	52.35
29	5	40.36
29	6	54.78
29	7	60.07
29	8	77.01
29	9	85.7
29	10	45.0
29	11	73.25
29	12	65.19
29	13	2.0
29	14	87.13
29	15	40.72
29	16	21.21
29	17	70.18
29	18	54.92
29	19	61.61
29	20	94.37
29	21	71.42
29	22	21.1
29	23	12.53
29	24	42.72
29	25	112.16
29	26	76.53
29	27	97.62
29	28	81.01
29	30	93.86
29	31	7.21
29	32	66.19
29	33	69.89
29	34	72.12
29	35	18.79
29	36	12.08
29	37	31.95
29	38	13.34
29	39	102.59
29	40	95.6
29	41	60.93
29	42	59.91
29	43	69.84
29	44	80.32
29	45	104.48
29	46	103.59
29	47	21.93
29	48	77.83
29	49	85.84
29	50	41.15
29	51	55.97
29	52	50.8
29	53	38.01
29	54	78.39
29	55	89.27
29	56	65.15
29	57	35.74
29	58	32.31
29	59	18.25
29	60	59.64
29	61	94.37
29	62	87.92
29	63	24.02
29	64	69.26
29	65	62.17
29	66	27.29
29	67	72.8
29	68	80.78
29	69	9.43
29	70	6.0
30	1	93.43
30	2	43.83
30	3	24.41
30	4	42.54
30	5	64.38
30	6	40.11
30	7	40.46
30	8	27.78
30	9	32.02
30	10	65.31
30	11	87.37
30	12	54.59
30	13	91.92
30	14	10.3
30	15	67.2
30	16	88.02
30	17	35.34
30	18	39.22
30	19	48.27
30	20	7.28
30	21	48.26
30	22	73.08
30	23	85.84
30	24	63.6
30	25	49.25
30	26	35.34
30	27	25.71
30	28	24.17
30	29	93.86
30	31	89.19
30	32	30.81
30	33	62.68
30	34	48.83
30	35	92.14
30	36	96.75
30	37	80.31
30	38	80.52
30	39	49.65
30	40	38.08
30	41	35.01
30	42	33.96
30	43	31.95
30	44	15.3
30	45	44.15
30	46	30.07
30	47	82.05
30	48	81.22
30	49	35.51
30	50	74.33
30	51	78.92
30	52	63.6
30	53	60.01
30	54	68.77
30	55	43.19
30	56	81.01
30	57	66.37
30	58	79.31
30	59	77.49
30	60	62.65
30	61	42.49
30	62	65.3
30	63	71.17
30	64	107.35
30	65	87.66
30	66	66.76
30	67	79.06
30	68	17.46
30	69	87.6
30	70	95.51
31	1	19.7
31	2	49.04
31	3	66.29
31	4	47.07
31	5	39.96
31	6	51.0
31	7	54.01
31	8	71.06
31	9	83.24
31	10	45.18
31	11	75.95
31	12	64.64
31	13	5.66
31	14	82.0
31	15	33.62
31	16	25.18
31	17	67.62
31	18	50.0
31	19	54.92
31	20	89.27
31	21	70.29
31	22	16.16
31	23	15.0
31	24	35.74
31	25	110.34
31	26	70.18
31	27	94.58
31	28	75.17
31	29	7.21
31	30	89.19
31	32	60.67
31	33	70.24
31	34	71.06
31	35	13.15
31	36	18.6
31	37	34.37
31	38	9.9
31	39	101.18
31	40	93.51
31	41	57.31
31	42	55.36
31	43	66.85
31	44	76.16
31	45	102.59
31	46	100.69
31	47	24.19
31	48	79.81
31	49	79.4
31	50	42.72
31	51	58.25
31	52	51.0
31	53	36.07
31	54	79.2
31	55	82.57
31	56	67.47
31	57	28.86
31	58	34.53
31	59	12.04
31	60	59.94
31	61	92.63
31	62	88.19
31	63	18.25
31	64	73.98
31	65	65.28
31	66	22.47
31	67	74.73
31	68	76.92
31	69	2.24
31	70	6.32
32	1	68.59
32	2	13.04
32	3	6.4
32	4	14.04
32	5	46.32
32	6	21.21
32	7	10.0
32	8	12.53
32	9	43.29
32	10	49.82
32	11	81.61
32	12	49.65
32	13	64.2
32	14	21.93
32	15	36.4
32	16	65.0
32	17	33.73
32	18	13.0
32	19	19.92
32	20	29.15
32	21	47.43
32	22	45.1
32	23	60.3
32	24	32.8
32	25	69.92
32	26	17.2
32	27	47.01
32	28	15.52
32	29	66.19
32	30	30.81
32	31	60.67
32	33	59.48
32	34	48.38
32	35	62.03
32	36	71.25
32	37	60.42
32	38	53.04
32	39	65.62
32	40	53.94
32	41	21.47
32	42	12.81
32	43	29.43
32	44	23.26
32	45	62.82
32	46	53.23
32	47	58.94
32	48	78.39
32	49	25.5
32	50	57.69
32	51	67.88
32	52	50.91
32	53	38.91
32	54	68.54
32	55	32.65
32	56	73.25
32	57	35.78
32	58	59.51
32	59	48.66
32	60	54.41
32	61	56.32
32	62	70.09
32	63	42.43
32	64	96.33
32	65	77.79
32	66	39.01
32	67	74.63
32	68	26.57
32	69	58.86
32	70	66.91
33	1	60.14
33	2	62.1
33	3	58.52
33	4	53.6
33	5	30.46
33	6	39.85
33	7	64.51
33	8	70.18
33	9	33.53
33	10	25.06
33	11	24.7
33	12	9.85
33	13	68.8
33	14	64.38
33	15	75.03
33	16	51.62
33	17	28.28
33	18	50.29
33	19	75.0
33	20	68.41
33	21	14.42
33	22	58.82
33	23	57.43
33	24	73.01
33	25	49.04
33	26	76.54
33	27	47.07
33	28	70.8
33	29	69.89
33	30	62.68
33	31	70.24
33	32	59.48
33	34	13.89
33	35	81.15
33	36	64.38
33	37	39.6
33	38	60.84
33	39	37.95
33	40	37.0
33	41	38.01
33	42	47.01
33	43	32.56
33	44	48.92
33	45	42.76
33	46	50.25
33	47	48.41
33	48	19.21
33	49	83.76
33	50	29.7
33	51	21.59
33	52	19.24
33	53	36.88
33	54	10.0
33	55	91.59
33	56	19.42
33	57	69.18
33	58	38.9
33	59	64.51
33	60	10.3
33	61	33.14
33	62	18.03
33	63	60.88
33	64	46.32
33	65	27.17
33	66	55.32
33	67	16.4
33	68	45.61
33	69	70.21
33	70	74.95
34	1	64.64
34	2	53.15
34	3	46.52
34	4	45.01
34	5	31.89
34	6	31.0
34	7	54.74
34	8	58.14
34	9	20.22
34	10	28.3
34	11	38.59
34	12	8.25
34	13	70.72
34	14	50.93
34	15	69.43
34	16	56.6
34	17	15.26
34	18	41.11
34	19	65.62
34	20	54.67
34	21	1.0
34	22	57.45
34	23	60.21
34	24	66.91
34	25	40.82
34	26	65.0
34	27	34.13
34	28	58.31
34	29	72.12
34	30	48.83
34	31	71.06
34	32	48.38
34	33	13.89
34	35	80.45
34	36	68.82
34	37	45.18
34	38	61.22
34	39	30.61
34	40	25.96
34	41	27.46
34	42	36.67
34	43	19.72
34	44	35.36
34	45	33.54
34	46	38.05
34	47	52.2
34	48	32.56
34	49	71.59
34	50	35.85
34	51	33.06
34	52	23.26
34	53	35.23
34	54	20.81
34	55	79.61
34	56	32.89
34	57	64.29
34	58	44.29
34	59	63.29
34	60	17.12
34	61	23.26
34	62	22.09
34	63	58.59
34	64	59.77
34	65	40.26
34	66	52.77
34	67	30.23
34	68	31.89
34	69	70.6
34	70	76.49
35	1	32.57
35	2	49.34
35	3	68.15
35	4	49.65
35	5	50.7
35	6	56.73
35	7	53.85
35	8	70.83
35	9	90.52
35	10	56.3
35	11	88.57
35	12	74.71
35	13	18.03
35	14	83.93
35	15	29.0
35	16	38.33
35	17	75.01
35	18	53.34
35	19	52.09
35	20	91.18
35	21	79.61
35	22	23.02
35	23	28.07
35	24	32.06
35	25	118.34
35	26	68.47
35	27	100.77
35	28	75.19
35	29	18.79
35	30	92.14
35	31	13.15
35	32	62.03
35	33	81.15
35	34	80.45
35	36	30.87
35	37	47.1
35	38	20.62
35	39	109.81
35	40	101.24
35	41	63.13
35	42	59.36
35	43	73.55
35	44	80.45
35	45	110.54
35	46	107.06
35	47	37.01
35	48	91.98
35	49	77.16
35	50	54.92
35	51	70.71
35	52	62.03
35	53	45.28
35	54	90.48
35	55	79.06
35	56	79.91
35	57	26.68
35	58	47.17
35	59	17.2
35	60	70.94
35	61	100.9
35	62	98.9
35	63	22.63
35	64	87.13
35	65	78.1
35	66	28.32
35	67	86.88
35	68	81.84
35	69	12.0
35	70	13.6
36	1	4.24
36	2	61.39
36	3	76.03
36	4	57.22
36	5	37.22
36	6	56.72
36	7	66.49
36	8	82.87
36	9	84.53
36	10	40.61
36	11	64.26
36	12	61.22
36	13	13.04
36	14	91.05
36	15	50.48
36	16	12.81
36	17	69.46
36	18	59.01
36	19	69.64
36	20	98.13
36	21	68.24
36	22	27.51
36	23	11.0
36	24	51.97
36	25	109.55
36	26	83.43
36	27	97.31
36	28	86.58
36	29	12.08
36	30	96.75
36	31	18.6
36	32	71.25
36	33	64.38
36	34	68.82
36	35	30.87
36	37	24.84
36	38	19.7
36	39	99.4
36	40	93.65
36	41	62.37
36	42	63.13
36	43	69.89
36	44	82.38
36	45	102.08
36	46	102.96
36	47	16.64
36	48	69.77
36	49	92.89
36	50	34.71
36	51	47.89
36	52	46.1
36	53	37.64
36	54	72.01
36	55	97.08
36	56	56.8
36	57	44.78
36	58	25.5
36	59	26.93
36	60	54.45
36	61	91.81
36	62	82.22
36	63	31.38
36	64	58.01
36	65	52.81
36	66	32.76
36	67	64.88
36	68	82.23
36	69	20.62
36	70	17.72
37	1	20.62
37	2	54.41
37	3	63.57
37	4	47.51
37	5	16.0
37	6	41.23
37	7	59.08
37	8	72.92
37	9	62.64
37	10	17.09
37	11	41.59
37	12	37.22
37	13	31.32
37	14	76.69
37	15	53.71
37	16	12.04
37	17	48.66
37	18	47.42
37	19	65.86
37	20	83.19
37	21	44.72
37	22	29.73
37	23	19.65
37	24	53.54
37	25	85.96
37	26	75.8
37	27	76.16
37	28	75.77
37	29	31.95
37	30	80.31
37	31	34.37
37	32	60.42
37	33	39.6
37	34	45.18
37	35	47.1
37	36	24.84
37	38	27.07
37	39	75.47
37	40	70.77
37	41	45.4
37	42	49.34
37	43	50.16
37	44	65.12
37	45	78.71
37	46	81.32
37	47	10.2
37	48	45.88
37	49	85.09
37	50	9.9
37	51	24.04
37	52	21.95
37	53	21.54
37	54	47.2
37	55	90.97
37	56	33.24
37	57	47.01
37	58	1.0
37	59	33.73
37	60	29.83
37	61	68.43
37	62	57.38
37	63	33.62
37	64	42.54
37	65	31.02
37	66	30.53
37	67	40.85
37	68	64.0
37	69	35.13
37	70	37.64
38	1	18.6
38	2	42.3
38	3	58.31
38	4	39.12
38	5	30.41
38	6	41.63
38	7	47.38
38	8	64.12
38	9	73.41
38	10	35.85
38	11	68.18
38	12	54.92
38	13	11.4
38	14	73.82
38	15	31.24
38	16	20.59
38	17	57.8
38	18	41.59
38	19	49.98
38	20	81.05
38	21	60.44
38	22	8.06
38	23	10.63
38	24	32.45
38	25	100.45
38	26	64.13
38	27	84.91
38	28	68.03
38	29	13.34
38	30	80.52
38	31	9.9
38	32	53.04
38	33	60.84
38	34	61.22
38	35	20.62
38	36	19.7
38	37	27.07
38	39	91.29
38	40	83.63
38	41	47.85
38	42	46.57
38	43	57.14
38	44	67.07
38	45	92.7
38	46	90.97
38	47	17.46
38	48	71.39
38	49	73.55
38	50	34.37
38	51	50.25
38	52	41.63
38	53	26.17
38	54	70.01
38	55	77.49
38	56	59.41
38	57	25.24
38	58	27.02
38	59	7.81
38	60	50.57
38	61	82.73
38	62	78.71
38	63	11.7
38	64	68.68
38	65	58.01
38	66	14.04
38	67	66.29
38	68	67.62
38	69	9.43
38	70	15.81
39	1	95.21
39	2	74.73
39	3	61.13
39	4	68.01
39	5	62.48
39	6	55.46
39	7	74.53
39	8	71.03
39	9	22.36
39	10	58.82
39	11	57.01
39	12	38.28
39	13	101.14
39	14	57.07
39	15	94.94
39	16	87.09
39	17	35.78
39	18	63.57
39	19	85.33
39	20	56.92
39	21	31.24
39	22	86.83
39	23	90.79
39	24	91.92
39	25	11.18
39	26	79.01
39	27	24.17
39	28	69.26
39	29	102.59
39	30	49.65
39	31	101.18
39	32	65.62
39	33	37.95
39	34	30.61
39	35	109.81
39	36	99.4
39	37	75.47
39	38	91.29
39	40	12.04
39	41	49.77
39	42	57.57
39	43	38.63
39	44	44.01
39	45	7.21
39	46	22.02
39	47	82.8
39	48	48.09
39	49	82.61
39	50	65.86
39	51	59.48
39	52	53.54
39	53	65.12
39	54	36.06
39	55	90.8
39	56	55.58
39	57	90.79
39	58	74.63
39	59	92.62
39	60	46.07
39	61	9.49
39	62	26.17
39	63	87.42
39	64	81.01
39	65	63.64
39	66	81.61
39	67	49.04
39	68	40.0
39	69	100.57
39	70	106.78
40	1	89.55
40	2	63.57
40	3	49.25
40	4	57.27
40	5	56.44
40	6	45.49
40	7	63.06
40	8	59.01
40	9	11.18
40	10	53.71
40	11	59.44
40	12	34.21
40	13	94.02
40	14	45.12
40	15	84.53
40	16	81.84
40	17	26.25
40	18	52.8
40	19	73.76
40	20	45.31
40	21	26.25
40	22	78.49
40	23	84.31
40	24	81.39
40	25	17.2
40	26	67.0
40	27	13.45
40	28	57.22
40	29	95.6
40	30	38.08
40	31	93.51
40	32	53.94
40	33	37.0
40	34	25.96
40	35	101.24
40	36	93.65
40	37	70.77
40	38	83.63
40	39	12.04
40	41	39.45
40	42	46.62
40	43	28.3
40	44	32.0
40	45	9.43
40	46	13.93
40	47	77.03
40	48	51.24
40	49	70.58
40	50	61.68
40	51	58.22
40	52	49.04
40	53	57.63
40	54	38.33
40	55	78.77
40	56	56.14
40	57	80.78
40	58	69.86
40	59	84.17
40	60	42.95
40	61	5.0
40	62	30.89
40	63	78.64
40	64	82.73
40	65	64.07
40	66	72.92
40	67	50.99
40	68	28.02
40	69	92.7
40	70	99.36
41	1	58.86
41	2	26.02
41	3	21.21
41	4	18.44
41	5	29.61
41	6	6.4
41	7	27.29
41	8	32.65
41	9	28.3
41	10	31.38
41	11	60.44
41	12	28.18
41	13	59.09
41	14	31.62
41	15	45.19
41	16	53.08
41	17	14.32
41	18	14.14
41	19	38.21
41	20	37.85
41	21	26.48
41	22	41.34
41	23	51.66
41	24	42.15
41	25	56.6
41	26	38.59
41	27	37.64
41	28	33.97
41	29	60.93
41	30	35.01
41	31	57.31
41	32	21.47
41	33	38.01
41	34	27.46
41	35	63.13
41	36	62.37
41	37	45.4
41	38	47.85
41	39	49.77
41	40	39.45
41	42	9.22
41	43	11.18
41	44	20.1
41	45	48.88
41	46	43.93
41	47	47.17
41	48	56.94
41	49	46.23
41	50	40.16
41	51	47.8
41	52	31.06
41	53	25.08
41	54	47.17
41	55	53.82
41	56	52.35
41	57	41.34
41	58	44.41
41	59	46.62
41	60	33.3
41	61	40.31
41	62	49.5
41	63	40.61
41	64	76.61
41	65	57.49
41	66	35.23
41	67	53.25
41	68	19.92
41	69	56.08
41	70	63.53
42	1	60.01
42	2	17.26
42	3	14.32
42	4	10.82
42	5	34.44
42	6	8.6
42	7	18.11
42	8	24.84
42	9	35.47
42	10	37.44
42	11	68.82
42	12	37.16
42	13	57.97
42	14	28.02
42	15	38.28
42	16	55.33
42	17	23.02
42	18	6.4
42	19	29.07
42	20	35.01
42	21	35.69
42	22	39.22
42	23	52.15
42	24	34.99
42	25	63.51
42	26	30.0
42	27	42.64
42	28	26.93
42	29	59.91
42	30	33.96
42	31	55.36
42	32	12.81
42	33	47.01
42	34	36.67
42	35	59.36
42	36	63.13
42	37	49.34
42	38	46.57
42	39	57.57
42	40	46.62
42	41	9.22
42	43	19.24
42	44	21.1
42	45	55.95
42	46	49.04
42	47	49.25
42	48	65.76
42	49	38.18
42	50	45.65
42	51	55.17
42	52	38.21
42	53	27.89
42	54	56.3
42	55	45.45
42	56	60.44
42	57	35.38
42	58	48.38
42	59	43.86
42	60	41.62
42	61	48.08
42	62	58.69
42	63	37.58
42	64	83.74
42	65	65.05
42	66	32.89
42	67	61.91
42	68	22.67
42	69	53.85
42	70	61.68
43	1	66.1
43	2	36.5
43	3	26.93
43	4	29.41
43	5	34.23
43	6	17.2
43	7	37.01
43	8	38.48
43	9	17.2
43	10	34.06
43	11	56.73
43	12	23.43
43	13	68.1
43	14	32.02
43	15	56.36
43	16	59.44
43	17	4.47
43	18	25.0
43	19	48.01
43	20	36.72
43	21	18.87
43	22	51.22
43	23	59.62
43	24	53.31
43	25	45.49
43	26	45.54
43	27	27.78
43	28	38.59
43	29	69.84
43	30	31.95
43	31	66.85
43	32	29.43
43	33	32.56
43	34	19.72
43	35	73.55
43	36	69.89
43	37	50.16
43	38	57.14
43	39	38.63
43	40	28.3
43	41	11.18
43	42	19.24
43	44	17.0
43	45	37.74
43	46	33.84
43	47	53.85
43	48	51.74
43	49	51.88
43	50	43.1
43	51	47.01
43	52	31.78
43	53	32.31
43	54	40.5
43	55	59.93
43	56	49.65
43	57	52.48
43	58	49.16
43	59	56.73
43	60	30.89
43	61	29.15
43	62	40.8
43	63	50.93
43	64	75.59
43	65	55.95
43	66	45.34
43	67	48.8
43	68	14.56
43	69	65.8
43	70	72.95
44	1	78.92
44	2	35.0
44	3	17.72
44	4	31.24
44	5	49.16
44	6	25.71
44	7	33.12
44	8	27.02
44	9	22.56
44	10	50.01
44	11	73.41
44	12	40.22
44	13	78.43
44	14	15.62
44	15	58.05
44	16	73.17
44	17	20.81
44	18	27.2
44	19	43.08
44	20	19.72
44	21	34.66
44	22	60.01
44	23	71.59
44	24	54.56
44	25	47.07
44	26	35.0
44	27	23.77
44	28	25.5
44	29	80.32
44	30	15.3
44	31	76.16
44	32	23.26
44	33	48.92
44	34	35.36
44	35	80.45
44	36	82.38
44	37	65.12
44	38	67.07
44	39	44.01
44	40	32.0
44	41	20.1
44	42	21.1
44	43	17.0
44	45	40.31
44	46	29.97
44	47	67.27
44	48	67.9
44	49	39.05
44	50	59.03
44	51	63.98
44	52	48.38
44	53	45.18
44	54	55.97
44	55	47.3
44	56	66.57
44	57	55.97
44	58	64.12
44	59	64.85
44	60	47.89
44	61	35.23
44	62	54.2
44	63	58.59
44	64	92.59
44	65	72.95
44	66	53.71
44	67	65.3
44	68	4.12
44	69	74.73
44	70	82.46
45	1	97.94
45	2	72.8
45	3	57.87
45	4	66.64
45	5	64.9
45	6	54.92
45	7	72.12
45	8	67.12
45	9	20.59
45	10	61.77
45	11	63.2
45	12	41.63
45	13	102.94
45	14	52.24
45	15	93.94
45	16	90.05
45	17	35.61
45	18	62.17
45	19	82.71
45	20	51.42
45	21	34.0
45	22	87.73
45	23	93.01
45	24	90.79
45	25	7.81
45	26	75.17
45	27	18.44
45	28	65.0
45	29	104.48
45	30	44.15
45	31	102.59
45	32	62.82
45	33	42.76
45	34	33.54
45	35	110.54
45	36	102.08
45	37	78.71
45	38	92.7
45	39	7.21
45	40	9.43
45	41	48.88
45	42	55.95
45	43	37.74
45	44	40.31
45	46	15.26
45	47	85.44
45	48	54.45
45	49	78.1
45	50	69.35
45	51	64.33
45	52	56.8
45	53	66.6
45	54	42.05
45	55	86.21
45	56	61.13
45	57	90.21
45	58	77.83
45	59	93.43
45	60	49.98
45	61	10.3
45	62	32.76
45	63	87.97
45	64	87.05
45	65	69.18
45	66	82.22
45	67	55.04
45	68	36.5
45	69	101.83
45	70	108.37
46	1	99.01
46	2	64.66
46	3	47.54
46	4	59.82
46	5	66.13
46	6	50.33
46	7	63.06
46	8	55.32
46	9	18.68
46	10	64.29
46	11	73.25
46	12	46.17
46	13	101.87
46	14	39.12
46	15	87.2
46	16	91.76
46	17	33.54
46	18	55.44
46	19	73.01
46	20	37.22
46	21	38.12
46	22	85.0
46	23	93.02
46	24	83.82
46	25	19.24
46	26	63.35
46	27	6.4
46	28	52.61
46	29	103.59
46	30	30.07
46	31	100.69
46	32	53.23
46	33	50.25
46	34	38.05
46	35	107.06
46	36	102.96
46	37	81.32
46	38	90.97
46	39	22.02
46	40	13.93
46	41	43.93
46	42	49.04
46	43	33.84
46	44	29.97
46	45	15.26
46	47	86.54
46	48	65.15
46	49	65.12
46	50	72.78
46	51	71.0
46	52	60.21
46	53	65.76
46	54	52.2
46	55	73.03
46	56	69.58
46	57	84.39
46	58	80.36
46	59	90.43
46	60	55.15
46	61	18.79
46	62	44.72
46	63	84.5
46	64	96.34
46	65	77.41
46	66	79.03
46	67	64.76
46	68	26.93
46	69	99.62
46	70	106.78
47	1	12.53
47	2	50.99
47	3	62.97
47	4	45.22
47	5	20.59
47	6	42.0
47	7	55.95
47	8	71.17
47	9	68.03
47	10	24.08
47	11	51.79
47	12	44.69
47	13	21.19
47	14	77.23
47	15	46.4
47	16	6.08
47	17	53.14
47	18	46.1
47	19	61.29
47	20	84.1
47	21	51.61
47	22	21.63
47	23	9.49
47	24	46.75
47	25	92.91
47	26	73.01
47	27	80.99
47	28	74.46
47	29	21.93
47	30	82.05
47	31	24.19
47	32	58.94
47	33	48.41
47	34	52.2
47	35	37.01
47	36	16.64
47	37	10.2
47	38	17.46
47	39	82.8
47	40	77.03
47	41	47.17
47	42	49.25
47	43	53.85
47	44	67.27
47	45	85.44
47	46	86.54
47	48	55.97
47	49	82.46
47	50	19.24
47	51	34.21
47	52	29.7
47	53	22.09
47	54	56.6
47	55	87.66
47	56	43.42
47	57	39.82
47	58	10.44
47	59	24.7
47	60	38.29
47	61	75.17
47	62	66.4
47	63	25.81
47	64	51.24
47	65	41.11
47	66	24.08
47	67	50.92
47	68	66.75
47	69	25.02
47	70	27.51
48	1	65.74
48	2	80.06
48	3	77.67
48	4	71.51
48	5	43.0
48	6	58.18
48	7	82.86
48	8	89.31
48	9	50.61
48	10	37.0
48	11	9.22
48	12	28.84
48	13	77.16
48	14	83.44
48	15	90.55
48	16	57.27
48	17	47.42
48	18	68.54
48	19	93.05
48	20	87.21
48	21	33.24
48	22	71.25
48	23	65.46
48	24	88.96
48	25	59.01
48	26	95.52
48	27	63.16
48	28	90.0
48	29	77.83
48	30	81.22
48	31	79.81
48	32	78.39
48	33	19.21
48	34	32.56
48	35	91.98
48	36	69.77
48	37	45.88
48	38	71.39
48	39	48.09
48	40	51.24
48	41	56.94
48	42	65.76
48	43	51.74
48	44	67.9
48	45	54.45
48	46	65.15
48	47	55.97
48	49	102.9
48	50	37.11
48	51	21.93
48	52	32.14
48	53	51.16
48	54	13.0
48	55	110.68
48	56	13.04
48	57	84.29
48	58	45.54
48	59	76.53
48	60	25.0
48	61	46.57
48	62	22.0
48	63	74.06
48	64	33.24
48	65	19.21
48	66	69.0
48	67	5.1
48	68	64.44
48	69	80.28
48	70	83.49
49	1	90.8
49	2	31.62
49	3	25.24
49	4	37.59
49	5	71.61
49	6	46.69
49	7	26.57
49	8	13.6
49	9	61.61
49	10	75.29
49	11	106.67
49	12	74.06
49	13	83.86
49	14	26.02
49	15	48.26
49	16	88.39
49	17	56.36
49	18	38.01
49	19	25.08
49	20	29.12
49	21	70.71
49	22	65.51
49	23	82.28
49	24	45.1
49	25	84.01
49	26	9.49
49	27	60.0
49	28	13.6
49	29	85.84
49	30	35.51
49	31	79.4
49	32	25.5
49	33	83.76
49	34	71.59
49	35	77.16
49	36	92.89
49	37	85.09
49	38	73.55
49	39	82.61
49	40	70.58
49	41	46.23
49	42	38.18
49	43	51.88
49	44	39.05
49	45	78.1
49	46	65.12
49	47	82.46
49	48	102.9
49	50	83.01
49	51	93.35
49	52	76.38
49	53	63.81
49	54	92.28
49	55	8.25
49	56	98.49
49	57	51.01
49	58	84.22
49	59	67.6
49	60	79.51
49	61	74.15
49	62	92.31
49	63	61.98
49	64	121.83
49	65	103.24
49	66	60.17
49	67	99.4
49	68	43.17
49	69	77.32
49	70	85.21
50	1	30.48
50	2	53.76
50	3	59.94
50	4	46.01
50	5	11.4
50	6	37.12
50	7	58.0
50	8	70.18
50	9	54.13
50	10	9.06
50	11	34.0
50	12	27.73
50	13	40.31
50	14	71.78
50	15	57.25
50	16	21.93
50	17	41.01
50	18	45.0
50	19	66.07
50	20	77.88
50	21	35.47
50	22	35.13
50	23	28.64
50	24	56.46
50	25	76.48
50	26	74.03
50	27	67.9
50	28	72.56
50	29	41.15
50	30	74.33
50	31	42.72
50	32	57.69
50	33	29.7
50	34	35.85
50	35	54.92
50	36	34.71
50	37	9.9
50	38	34.37
50	39	65.86
